[-5.68750920e-03  5.31217596e-03 -3.90778063e-04  7.23788328e-03
 -7.63477944e-03  1.67052094e-02  4.08514729e-03  5.17050270e-03
 -2.89095901e-02  1.46782561e-03  1.64456330e-02 -9.62528959e-03
  1.87064556e-03  7.42637785e-04  5.10880118e-03  1.85946897e-02
  4.49906103e-03 -2.35357620e-02  1.93099957e-02 -4.36116522e-03
  1.31333116e-02  7.00636487e-03 -1.11065740e-02 -1.13312360e-02
 -4.55793366e-03 -2.39966830e-04  1.36339013e-02 -2.09969338e-02
  4.31207009e-03  2.06677541e-02  2.56699584e-02  2.14095153e-02
  7.59347854e-03 -2.53596390e-03 -5.80712594e-03  7.51116732e-03
 -3.01368418e-03  1.21309189e-02  2.11008750e-02 -4.48076241e-03
 -2.95527633e-02 -6.13948423e-03  1.30471576e-03  8.55179131e-03
  4.65912186e-03  9.36018862e-03 -1.12161748e-02  1.40663920e-04
  2.32804399e-02  5.18518384e-04 -2.67826226e-02 -2.98817153e-03
 -1.38791222e-02 -5.11766784e-02  5.89789450e-03  1.36204269e-02
 -3.19059230e-02 -1.76374502e-02  2.84800716e-02  9.01397411e-03
 -2.73242523e-03  1.01734605e-02  2.05443837e-02 -1.09569347e-02
 -1.92166737e-03 -2.60637724e-03 -2.14550775e-02  7.17024459e-03
  1.04095815e-02  3.03355791e-02  1.66154448e-02 -3.26395174e-03
  7.43667874e-03 -3.28087131e-04 -1.28208371e-02 -1.10438354e-02
 -5.24797477e-03 -5.69821056e-03 -5.27256448e-03 -1.69649683e-02
 -2.04366576e-02  3.59855080e-03 -6.12481683e-03 -3.40287723e-02
 -1.05403699e-02 -2.37706248e-02  3.50436941e-03 -5.68157574e-03
  1.41757205e-02 -1.61887258e-02  1.04312282e-02 -1.71002503e-02
  1.02889268e-02 -5.03604524e-02  7.56920641e-03 -1.81270875e-02
  9.97706666e-04 -6.68670190e-03  7.93836196e-04  2.43465509e-02
  5.48098097e-03  1.01051908e-02 -5.08760707e-03  6.07749587e-03
  8.76271911e-03 -1.71809699e-02 -9.07672662e-03  2.30896492e-02
  1.97583959e-02  7.23512471e-03 -5.72199794e-03 -8.47452029e-04
 -4.75222245e-04 -1.06985506e-03 -1.02787018e-02 -3.07236635e-03
  1.60342883e-02  9.61267296e-03  1.71804074e-02 -4.97827027e-03
  1.39160641e-03  4.17929096e-03  1.51052736e-02  2.85746809e-02
  5.47784241e-03  1.82078965e-02  8.13141093e-03  1.92074869e-02
  2.16390286e-02 -2.17979262e-03  4.21252996e-02  1.82145089e-02
  2.00132262e-02 -2.05889978e-02 -1.08762505e-02  1.33178355e-02
  3.43491184e-03  8.96754116e-03  4.36115637e-02  3.05560790e-03
  7.75950123e-03 -1.84230953e-02 -9.85982828e-04 -2.32184734e-02
  1.02022728e-02 -2.20215274e-03 -2.29194644e-03  5.16510848e-03
 -5.23347827e-03 -4.58302535e-03 -9.26585868e-03 -1.42605370e-03
  6.79741381e-03 -1.61068793e-02 -1.47561943e-02 -4.56227502e-03
 -3.32225952e-03 -9.47987754e-03  6.76685153e-03  7.46379094e-03
  2.31537316e-02 -3.10111279e-03  4.54443321e-03  9.49364621e-03
 -5.24872541e-03  1.45153143e-02  2.68368353e-03 -2.30672918e-02
  2.69876774e-02  8.25709756e-03 -1.37981819e-02 -7.23364623e-03
 -4.87223479e-05  1.02580721e-02 -6.85936073e-03 -2.19661165e-02
 -2.59067933e-03  1.25748813e-02 -9.80703346e-03 -2.22977344e-02
 -5.61727583e-03 -2.20752675e-02 -1.54171884e-02 -1.02520231e-02
 -2.30098404e-02  2.92367954e-03 -8.05293769e-03 -1.49783306e-02
 -1.92673840e-02 -1.64839607e-02  8.94877315e-03  6.38184324e-03
 -2.64664367e-02  1.95451789e-02  9.60601587e-03 -1.80737376e-02
  3.20925750e-02  1.57791264e-02  1.53497932e-02  3.54046896e-02
  1.34168118e-02  3.12209921e-03  3.29104252e-03  1.01117762e-02
  7.27856457e-02 -1.32342447e-02  3.45431156e-02 -2.03085281e-02
 -2.67062150e-02  1.66781172e-02 -7.39139738e-03 -3.60709761e-04
  3.53433122e-03 -7.75575545e-03 -1.35028968e-02  9.44935717e-03
  2.11726092e-02  7.91972445e-04  8.67283903e-04  2.14393469e-04
  3.02443921e-04  1.04959458e-02  3.63982767e-02  3.59837548e-03
  1.94034018e-02 -1.35500049e-02  1.00723188e-02  2.07160902e-03
  2.72124112e-02 -2.62236129e-03  1.92506909e-02 -1.72218159e-02
 -2.42879847e-03 -1.51819726e-02 -2.81060068e-03 -7.72254495e-03
 -1.27124414e-02  3.02013243e-03 -1.56354979e-02 -5.27796848e-03
 -4.50973306e-03 -2.13493709e-03  1.14532029e-02  7.73750013e-04
  6.36357442e-03 -3.72471893e-03 -5.02667297e-03 -1.69007911e-03
 -1.84054039e-02 -6.68589491e-03 -2.06422992e-03 -3.81748751e-02
 -1.23409694e-02 -3.18862428e-03  6.48592692e-03 -8.37031694e-05
  2.50299722e-02 -1.48575082e-02 -9.15211439e-03  1.74235851e-02
  1.73394941e-02  9.21776239e-03  2.55012652e-03 -1.88721530e-02
 -2.13833954e-02 -3.92610859e-03 -2.71367561e-03 -1.53396151e-03
 -2.32541282e-03  2.61847326e-03  4.17305296e-03 -4.27273614e-03
 -2.15757098e-02  2.34062821e-02 -2.87118163e-02 -1.40882540e-03
  7.94454198e-03 -2.86094891e-03 -4.63625416e-03  3.14676538e-02
  1.20615000e-02 -3.06097325e-03  7.91309681e-03  1.05602052e-02
 -2.14955322e-02 -1.79326197e-03 -2.55977660e-02  1.39617408e-03
  8.28516670e-03 -2.96016829e-03 -5.86333335e-05 -1.39707765e-02
  1.42430160e-02  1.35035645e-02  4.38777776e-03 -5.63610531e-03
 -2.17404291e-02  2.28153798e-03 -5.09961462e-03 -2.72101630e-03
 -3.52754234e-03 -9.24279727e-03  1.11946827e-02  4.80433257e-04
  2.67928909e-03  2.59664506e-02  5.08751944e-02  1.43246567e-02
 -1.87679157e-02  1.01632522e-02 -2.24293210e-02 -7.84070324e-03
  4.66611818e-04  2.01358031e-02 -2.30485946e-02  2.06483603e-02
  8.26215465e-03  1.19066993e-02 -1.22700585e-02 -1.29140541e-02
 -1.38038015e-02 -8.10532307e-04 -1.22060534e-03 -2.89125764e-03
  1.16198231e-02  1.76055748e-02 -3.94541323e-02  6.00035628e-03
 -2.03023269e-03  2.46880781e-02  4.03859979e-03 -1.49154635e-02
  3.10557196e-03 -2.45610010e-02 -1.23068560e-02 -4.56621051e-02
 -1.24614034e-02  1.48589835e-02 -3.09989993e-02 -5.03856363e-03
 -3.62471514e-03  1.02989860e-02  6.19483693e-03  1.39521565e-02
 -1.66451850e-03  1.71962299e-03 -1.07651595e-02 -1.48892757e-02
  7.40225834e-04 -4.73528728e-03 -4.14169952e-03 -2.49387939e-02
 -3.14378850e-02  1.30546810e-02  2.05671065e-03 -7.51755340e-03
 -7.50247668e-03 -1.08460179e-02 -1.44704049e-02  9.78483912e-03
 -2.94246096e-02 -7.18820421e-03  1.51319494e-02 -2.17921529e-02
 -2.07242481e-02 -8.13125540e-03 -1.43792676e-02  8.07496626e-03
  6.69157645e-03 -1.66636612e-02  2.25529587e-03  1.46364821e-02
 -4.21423605e-03 -1.12079957e-03  3.42884213e-02  2.21792199e-02
 -1.67986453e-02  1.62320654e-03 -5.80861466e-03  1.20943421e-02
 -1.11481100e-02  1.35388728e-02  2.51077407e-04 -1.07507419e-03
  3.33878770e-02  1.66194630e-03 -6.05357299e-03  9.11901798e-03
  3.49830161e-03 -1.21138813e-02  9.30290669e-04  1.02127073e-02
  1.26194181e-02  9.42985900e-03  1.68406367e-02 -3.77145293e-03
  1.81036172e-04 -2.01057587e-02 -2.67130649e-03 -2.80487328e-03
 -2.50670798e-02 -5.94208483e-03 -8.61057371e-04  7.30436388e-03
  1.74723323e-02 -1.62327960e-02  9.28488560e-03  9.39011481e-03
 -1.54417511e-02 -6.26694737e-03 -4.83078591e-04 -4.92276777e-05
  6.80590793e-03  2.48690089e-03  9.26616788e-03 -1.32428771e-02
 -1.03601506e-02 -2.72256378e-02  3.21883534e-04  3.50746252e-02
 -2.46724971e-02 -1.77200491e-04  3.70892161e-03  1.97692476e-02
 -7.16793956e-03  1.24173881e-02 -2.29257904e-02 -1.28949331e-02
 -1.51414629e-02  5.19163115e-03 -5.66792535e-03  2.20756568e-02
 -1.03424499e-02 -6.62482530e-03 -1.47872567e-02  1.40680978e-02
  1.75068527e-02 -3.03579886e-02 -2.67905695e-03  6.50009327e-03
 -1.32922251e-02  3.34303081e-02  1.84094533e-02  1.82042830e-02
  1.45006403e-02 -2.86556222e-02 -3.53112221e-02  5.41550480e-03
  1.48684420e-02  1.61368884e-02 -5.80867007e-03 -8.71821400e-03
 -4.83512832e-03 -2.42336071e-03  9.30039398e-03  1.22875068e-02
 -2.99756192e-02 -3.08951858e-04 -2.13732067e-02 -1.57825537e-02
 -6.79100072e-03 -1.71974394e-02 -4.34559630e-03  2.55255885e-02
  1.84198469e-02 -1.15515823e-02  1.55505035e-02 -8.26527923e-03
 -1.12980688e-02  4.77922987e-03  7.64717424e-06 -2.70212302e-03
 -2.66862451e-03  2.24866020e-03 -1.78328399e-02 -2.27874890e-02
 -6.62302831e-03  2.05645501e-03 -2.05025123e-03  2.04139780e-02
  2.60958057e-02 -1.31740235e-02 -1.82800423e-02 -1.33950042e-03
 -1.71640161e-02  5.06008416e-03 -1.12239514e-02 -1.61838457e-02
  2.32432354e-02  2.98756044e-02 -2.01908723e-02 -6.20782282e-03
 -8.04625545e-03 -4.16648574e-03  2.71645244e-02  2.67361794e-02
  9.92261060e-03 -3.53516196e-03  2.63143447e-03  5.79598546e-03
 -4.39376244e-03 -7.03281024e-03  1.27422456e-02 -2.51559969e-02
  9.56320670e-03  4.25014645e-03 -5.04940702e-03 -1.23497870e-04
 -6.49800524e-03 -8.10869224e-03  2.19438151e-02  2.65909750e-02
 -7.49447383e-03 -9.81964404e-04  4.11353745e-02  6.41439203e-03
  8.85808747e-03 -9.22317524e-03 -5.57708926e-03 -1.90772694e-02
 -3.00874095e-02  1.44095495e-02 -1.60251241e-02 -1.20118065e-02
 -3.03397737e-02 -1.54138980e-02  1.32831214e-02 -5.29118348e-03
 -2.16719750e-02 -2.83274092e-02  5.74631151e-04 -5.17743733e-03
 -1.29487440e-02  2.00585718e-03  1.60618890e-02  3.48910526e-03
  1.75139140e-02 -1.79946944e-02  3.56986597e-02  1.64148752e-02
 -1.49664963e-02  1.18047316e-02 -6.50351914e-03  1.01573551e-02
  2.26046853e-02 -1.43874474e-02 -1.30082779e-02  1.50018337e-03
  7.08755152e-03 -2.65240320e-04  3.72104309e-02  2.52030836e-03
 -7.18796626e-02  1.50411837e-02 -6.19145017e-03 -8.74301791e-03
  1.28437821e-02 -5.69978947e-05  2.86067892e-02  6.43641734e-03
 -3.26876268e-02 -2.65830737e-02 -6.78547006e-03 -2.03812728e-03
 -2.32077986e-02  2.32733730e-02  8.88000522e-03 -1.05301160e-02
  2.59986054e-02 -7.48560997e-05 -1.83380488e-03  6.62478199e-03
 -2.05656905e-02  4.39055078e-03 -7.93931074e-03 -1.81019809e-02
  2.16305088e-02 -8.48837756e-03 -4.44658548e-02  1.34706711e-02
 -5.58447512e-03 -5.03641646e-03  2.04390176e-02  1.12691838e-02
 -2.15631016e-02 -1.18542900e-02 -2.42784116e-02  1.60644180e-03
 -1.48770865e-02  1.66612735e-03  3.87005741e-03  1.00365039e-02
 -6.22353982e-03 -1.48624079e-02 -8.22594040e-04  5.13562700e-03
 -2.47328244e-02 -1.58068314e-02  5.13104722e-02  1.05446856e-02
  2.35517006e-02 -1.66126136e-02  3.39234658e-02  1.58008244e-02
  1.21494876e-02 -6.27401564e-03  1.41544379e-02 -1.18932885e-03
  5.98210189e-03 -2.98126577e-03 -2.24955510e-02 -1.59336987e-03
  3.36050405e-04 -7.63037847e-03  1.26506854e-03 -2.48120222e-02
  1.27318082e-02  8.56733066e-04 -6.69426378e-03 -2.30622105e-02
 -1.41544044e-02 -1.41632650e-02 -5.71734563e-04  1.36525892e-02
 -1.28602264e-02 -1.41378092e-02  1.60352066e-02 -1.06324768e-02
  5.37489494e-03 -6.29155571e-03  3.92082799e-03  2.40287464e-02
 -2.40238700e-02 -1.83892380e-02 -1.32689613e-03 -7.58113945e-03
  1.73580721e-02 -2.62976103e-02 -8.19560979e-03  1.84849612e-02
 -3.80796194e-03  1.12307612e-02 -4.64424584e-03 -1.54853212e-02
 -1.00586005e-02 -1.52916869e-03 -8.05212650e-03 -4.89035109e-03
  4.17637220e-03 -1.78483780e-02 -1.09865656e-02 -1.01334173e-02
  1.26061076e-02  1.27207709e-03 -3.92924622e-02 -3.89141170e-03
 -8.15816782e-03 -6.13444310e-04  1.65675196e-03  1.97261646e-02
 -4.35126899e-03  1.77596863e-02  2.50023995e-02 -1.21948868e-03
  5.64015238e-04  9.92465578e-03 -5.19983582e-02 -5.93794417e-03
  9.09030158e-03 -1.35951047e-03  7.27475714e-03 -1.18456949e-02
 -9.64503922e-03  7.36465910e-03 -7.46320467e-03 -1.13286800e-03
 -2.40637846e-02 -2.31775595e-03  4.79436509e-04  1.91413183e-02
 -5.59415435e-03 -2.46814806e-02 -1.92284398e-02 -7.82935880e-03
 -9.23136063e-03 -8.68221279e-03  9.94002912e-03 -1.91325825e-02
 -1.17760543e-02 -4.03019600e-03 -1.72071215e-02  1.48773976e-02
  4.59487410e-03 -4.22021840e-03  2.38131750e-02 -6.98484434e-03
  6.32731570e-03 -1.21980160e-02 -8.91984440e-03  9.07598820e-04
  4.61547542e-03  1.80561244e-02  3.25367064e-03  3.27331410e-03
  6.79964526e-03  2.03132592e-02 -3.56997526e-03  2.20285021e-02
  7.62803201e-03  1.33573506e-02 -4.15672967e-03 -2.35772375e-02
  1.39638456e-02  1.99181791e-02  1.19539946e-02  1.96247436e-02
 -5.23935352e-03 -1.23977521e-02 -2.76397169e-03  5.67039754e-03
 -2.07304433e-02  9.20339208e-03  8.59807525e-03  9.75184422e-03
 -2.99151167e-02 -4.12252406e-03  7.52445729e-03 -7.43295439e-03
 -3.26385796e-02  5.35005238e-03 -9.13244579e-03 -5.76323131e-03
 -8.52782745e-03  9.31183156e-03  2.06705295e-02 -1.36216627e-02
  1.13436468e-02 -1.59551594e-02  3.90930055e-03 -2.96542253e-02
  8.19740351e-03 -8.15247186e-03 -4.92007192e-03 -3.89411137e-03
 -1.08961426e-02  2.10284609e-02 -5.45062870e-03  2.70911935e-03
  8.26053694e-03  1.02690691e-02  7.45399715e-03 -1.49271649e-03
  2.88824388e-03  2.36755665e-02  1.39716091e-02 -1.09807001e-02
 -7.97031727e-03  3.66636342e-03  2.88994163e-02 -5.73221920e-03
  1.04221972e-02  2.56419908e-02  5.85464854e-03 -3.15511541e-04
  1.23256249e-02  6.27931580e-03  6.70616282e-03 -1.08186817e-02
  1.51322903e-02 -2.17076372e-02  2.41556531e-03 -3.42775993e-02
 -1.46800671e-02 -2.05838047e-02 -3.08881077e-04  2.55694780e-02
 -6.07444393e-03  3.44227464e-03  3.41489958e-03 -6.58531999e-03
  1.04420967e-02 -2.28077010e-03 -2.18914100e-03  2.05852179e-04
 -9.85909905e-03 -4.41716658e-03 -1.63438506e-02 -2.33701635e-02
  3.20751569e-03  6.33865735e-03  1.34891588e-02  8.70381203e-03
  1.96664855e-02  1.38498321e-02 -1.91387739e-02  1.31135085e-03
 -4.15641852e-02  3.42542917e-04 -1.42093524e-02  1.06315641e-03
  2.87815724e-02 -1.06807305e-02  2.16168840e-03 -2.55727535e-03
 -1.70070585e-02 -9.53137595e-03 -1.19320967e-03  7.54362158e-03
 -5.39099658e-03 -1.98148601e-02  3.64117348e-03  1.04692196e-02
 -6.45303214e-03 -2.44113486e-02 -1.73659902e-02 -4.27699322e-03
 -3.09746657e-02  1.48650371e-02 -8.77403468e-03  1.66721980e-03
 -1.14083420e-02  5.16611012e-03  1.11784013e-02 -1.35367932e-02
 -8.04674067e-03  1.16355140e-02 -1.66214872e-02  2.11779326e-02
  1.91174876e-02  1.19779864e-02  7.23129231e-03  7.33907800e-03
 -2.00481457e-03 -1.92768313e-02 -5.50002698e-03  4.07355977e-03
 -2.09311657e-02 -4.68601473e-03 -1.78723168e-02  3.90577223e-03
 -8.72139819e-03  3.75121635e-05 -9.03734192e-03  3.95051017e-03
 -6.78252708e-03 -2.16285978e-02 -1.35633769e-03 -4.51659895e-02
 -1.65273715e-02  2.94337329e-02 -7.62848603e-03  2.12529046e-03
 -9.59443860e-03  2.42231991e-02 -7.44701549e-03 -1.22775761e-02
  1.57366060e-02  4.42888169e-03  7.44012650e-03 -9.69867967e-03
  4.33680788e-03  1.34254862e-02  3.24450643e-03  1.99799822e-03
 -3.10658012e-04  2.16177087e-02  2.37973058e-03  5.24495123e-03
  7.34093972e-03 -1.02678929e-02  2.04757042e-02 -1.44129097e-02
  1.07447654e-02 -3.11979558e-04  8.23772978e-03 -8.82165693e-03
 -2.17708759e-02 -2.20645852e-02  4.86778887e-03 -2.01417655e-02
 -3.70388967e-03  6.30752929e-03  1.25734238e-02 -2.06366405e-02
  2.44482420e-03  1.18179683e-04  1.21836262e-02 -2.44284375e-03
  7.34299701e-03 -1.59495212e-02  2.92980410e-02  2.81417021e-03
  1.69576134e-03  5.14612393e-03  5.58154483e-04 -1.22516518e-02
  5.29477431e-04 -4.22866811e-04 -2.49099471e-02  6.12290227e-04
  7.98215065e-03 -6.81417808e-03 -1.30387174e-03  1.94359180e-02
 -5.49486140e-03 -8.02029669e-03  1.49960387e-02  1.59430318e-02
 -1.33262565e-02 -7.33283674e-03 -1.20972414e-02 -1.27707673e-02
 -1.54132824e-02 -2.11001597e-02 -9.63969342e-03 -6.15474023e-03
 -2.18138788e-02 -8.56940169e-03 -1.77002270e-02 -1.08137857e-02
 -2.75529660e-02 -1.76265761e-02  7.71614676e-03 -1.02446964e-02
  1.35370891e-03 -5.51667437e-03  1.19387172e-02 -2.96272971e-02
 -1.60106160e-02 -2.68409774e-02 -4.87105642e-03 -2.36059651e-02
  1.16369417e-02 -2.20956281e-02  5.84262796e-03 -8.69089272e-03
  1.48502141e-02  4.06195701e-04 -3.53434123e-03 -7.48521974e-03
  1.85775720e-02 -4.64440370e-03 -4.93970234e-03 -1.90356784e-02
  1.52450753e-03  2.18489999e-03  9.67479683e-03 -2.59662257e-03
 -2.29907092e-02 -6.41922525e-05  1.00675654e-02 -2.16722226e-04
  1.62670144e-03 -5.89556620e-03  2.23763902e-02  1.28650302e-02
 -2.61428906e-03 -1.28389271e-02 -1.37727261e-02 -1.42422337e-02
 -7.12871039e-03  2.00142860e-02  3.52719403e-03  2.21703853e-02
 -1.55858393e-03  1.80553626e-02  9.38198436e-03 -1.68560669e-02
 -1.30212121e-02  2.00222153e-02  7.23065482e-03 -1.57828499e-02
 -1.92578528e-02 -5.14125451e-03 -1.24908024e-02 -1.04725407e-02
  1.15171457e-02  1.69068966e-02  2.08178982e-02  8.65955721e-04
 -6.93370879e-04 -1.88191037e-03  7.53625249e-03 -3.06030959e-02
  6.05605775e-03 -2.18373183e-02 -7.64309708e-03 -3.52685503e-03
  8.76585674e-03 -1.18120527e-03  1.28226597e-02  1.61834043e-02
  6.18776167e-03 -1.42683117e-02 -2.56877933e-02 -1.62060317e-02
  4.90105711e-04 -1.94925796e-02  1.81104671e-02 -1.62527189e-02
 -1.51053341e-02 -3.28908022e-03 -1.03568397e-02  5.20177977e-03
  1.42435934e-02  2.31899833e-03  3.44528146e-02 -2.07960419e-02
 -1.11582773e-02  8.68536439e-03  2.61476991e-04  5.35087311e-04
 -6.90750871e-03 -2.41345167e-03 -1.11212973e-02  2.37996341e-03
 -2.97509972e-03 -1.62295923e-02  3.08931861e-02  2.50983387e-02
 -1.09183844e-02  9.97527782e-03 -1.07947574e-03  1.42090544e-02
 -2.54571176e-04 -1.20404130e-02 -2.28246395e-03  1.61055978e-02
 -2.69356603e-03  3.52507341e-03 -5.15667051e-02  3.54886875e-02
 -1.71796884e-02  4.79763403e-04 -2.22915155e-03  4.35481779e-03
  1.47730606e-02  2.05973443e-02 -1.61412023e-02 -3.49964201e-03
 -1.24571901e-02 -5.04241185e-03 -1.50685757e-03 -4.25656475e-02
  3.67739028e-03  2.00615264e-02  6.00879965e-03  4.93660383e-03
  1.67613605e-03 -3.37266251e-02  2.60736095e-03 -1.13587389e-02
 -1.63224693e-02  1.09415781e-02 -2.29603853e-02  2.38868059e-03
  9.17640689e-04 -1.83877489e-03  5.18888095e-03 -1.01000965e-02
 -8.49337690e-03  3.13348249e-02 -1.99848488e-02 -1.01536093e-03
  1.83162801e-02 -2.28726026e-02  2.69321054e-02  7.38867838e-03
 -3.33792605e-02 -1.94022010e-04  2.29747705e-02  3.64209786e-02
 -7.53143243e-03 -3.82792689e-02  1.73636451e-02  4.63452600e-02
  9.33271088e-03 -1.84730248e-04  6.03696040e-04  1.47211067e-02
  7.90575147e-03  3.41463112e-03 -2.06885394e-02  2.03425623e-02
  1.93918422e-02 -1.48867129e-03 -4.86619677e-03 -2.96845026e-02
  1.47385169e-02 -1.26581164e-02 -1.37736695e-03 -1.23072667e-02
 -1.08487448e-02 -2.81076645e-04 -6.34201849e-03 -1.13039222e-02
 -1.51811987e-02  1.06043005e-02 -1.28362663e-02 -7.69869774e-04
  1.30509539e-02  5.51766111e-03 -8.88173643e-04  6.69563189e-03
  1.78081468e-02 -2.00178865e-02  1.83116887e-02  7.66805559e-03
  6.41882373e-03 -3.60676162e-02  1.31272636e-02 -4.79264697e-03
 -1.95111167e-02  8.95239133e-03  5.02023054e-03  9.33793746e-03
  4.12631072e-02 -1.08667230e-02  2.51445137e-02 -3.06717902e-02
 -1.30620971e-02 -2.66626664e-03  2.63985805e-03  6.23975694e-03
 -2.21227901e-03 -1.39271570e-02  9.96584445e-03 -5.50245866e-03
 -9.26027074e-03  8.40678811e-03  1.13599483e-04 -1.68911815e-02
  2.02953536e-02 -1.41282855e-02 -2.18452234e-02 -6.07831730e-03
  2.92902370e-03  8.35918169e-03 -2.34926865e-02  3.42632979e-02
  2.32948568e-02 -1.74276158e-02  1.17018372e-02 -2.16447283e-02
 -1.22049395e-02  2.59630219e-03 -5.97031228e-03 -1.17336202e-03
  1.04749203e-02  1.20742237e-02 -1.79766084e-03 -4.93973121e-03
 -1.17612034e-02 -2.92792898e-02  1.04994013e-03  6.51830761e-03
 -2.16752123e-02  1.92639884e-02 -1.22440215e-02  1.04916859e-02
  7.82652851e-03 -1.73414741e-02  1.04285823e-03  1.73229259e-02
  5.62520837e-03 -2.56206607e-04 -1.02589112e-02 -4.12745355e-03
 -1.41530186e-02  1.52467731e-02 -1.14073800e-02 -4.33416711e-03
 -5.48358541e-03  4.21364196e-02  6.74908748e-03  8.10004305e-03
 -6.64815912e-03 -1.23577612e-02  2.32997257e-03  5.38611552e-03
  1.32515104e-02  3.41462046e-02  1.47585245e-03  4.36300877e-03
 -1.35600269e-02 -1.43563468e-02 -3.23669463e-02  2.11783256e-02
 -4.88474825e-03  1.99180357e-02 -3.26576107e-03 -2.17388738e-02
 -3.18418141e-03  7.08126649e-03  3.20643298e-02 -2.94988719e-03
 -2.81562097e-03 -2.88350321e-03 -1.54790357e-02 -3.78338853e-03
 -5.47426054e-04 -2.83426475e-02  2.97577716e-02  3.07116401e-03
  2.06245780e-02  5.23305591e-03  1.38308909e-02 -1.06637226e-02
 -3.13899629e-02  2.37435964e-03  4.91611799e-03 -1.58127286e-02
 -2.48041488e-02 -3.84366605e-03  6.68206578e-03 -1.50282914e-02
  6.68291515e-03  1.98866497e-03 -1.70943011e-02  6.92646345e-03
  3.70366336e-03  6.01424091e-03 -6.24637259e-03 -3.22885113e-04
  1.61268190e-03  4.11806591e-02  2.08345614e-02 -5.42065129e-03
 -1.50507791e-02 -2.74671558e-02  7.91495759e-03  3.14047150e-02
 -1.55103765e-03 -8.73712916e-03  1.66081246e-02  1.85373996e-03
 -1.27173951e-02  1.24326833e-02  2.66391598e-02 -5.81681961e-03
  6.09783456e-03  1.05898567e-02  6.02731947e-03 -1.55912284e-02
  3.62425372e-02  2.28815572e-03 -9.72855091e-03  2.38752104e-02
 -8.44653416e-03  3.87055124e-03 -2.17082482e-02  7.25078955e-03
 -5.34219062e-03  1.10445339e-02 -1.47957401e-02  8.06971546e-03
  5.27705718e-03  4.24648868e-03 -1.40675576e-02  2.51904614e-02
  1.53008839e-02 -2.34246328e-02 -2.01164838e-02 -1.50439935e-02
 -3.10115982e-02 -2.16353480e-02 -1.29140345e-02 -7.15681305e-03
  5.28432988e-03 -2.44140718e-02 -1.18589234e-02 -1.64715648e-02
 -1.60824936e-02 -6.72243210e-03 -2.37686988e-02 -1.23017468e-02
  4.86032665e-03 -1.93461962e-02 -1.05542857e-02  9.67126526e-03
 -1.00229057e-02  3.31189893e-02 -1.74056478e-02  1.28308646e-02
  1.07124113e-02 -6.15605060e-03  8.42378382e-03  7.79171940e-03
  2.34749150e-02  1.22838598e-02  6.23587193e-03 -2.29461305e-02
  1.75504182e-02 -6.82426104e-03 -6.90684514e-03 -1.77424289e-02
  2.37363949e-02 -3.64568317e-03 -1.43477889e-02 -1.06545743e-02
  9.70906857e-03 -1.99644007e-02 -8.11055303e-03 -8.86567496e-03
  2.62232800e-03 -6.04469469e-03  1.84350666e-02  1.16945924e-02
 -1.02271447e-02 -1.08229415e-03 -1.01243984e-02  1.06076105e-02
 -2.81228200e-02  1.57161709e-02  4.20593796e-03 -1.83530208e-02
 -1.42863104e-02  2.94728894e-02  9.00896266e-03 -1.24774757e-03
 -3.01594175e-02 -1.31566124e-02 -1.60524733e-02  2.26847604e-02
  9.46850516e-03  2.13145441e-03  4.69431654e-03 -2.10526623e-02
  3.93692637e-03 -3.72033156e-02 -7.78036984e-03 -3.03311907e-02
  3.43118072e-03 -8.14053603e-03 -2.36738846e-02  5.10916486e-03
  3.72098642e-03  1.99805107e-02 -1.15723480e-02 -1.67079195e-02
 -6.93383301e-03  1.34046962e-02 -2.73891278e-02  3.24065768e-04
  9.53043438e-03 -1.94259491e-02  6.72191940e-03  3.93772358e-03
  3.27497767e-03  1.71837267e-02 -2.12161280e-02 -1.18189408e-02
 -3.40532437e-02  7.51567073e-03  7.87124131e-03  1.02055268e-02
  1.08176200e-02 -5.86059364e-03 -1.79352630e-02 -1.33670317e-02
  3.95989139e-03  1.11765368e-02  3.11225792e-03 -1.89877953e-02
  1.84884388e-02 -2.40277732e-03  3.13815731e-03 -1.65343825e-02
 -1.71380825e-02 -5.28450764e-04  1.16401166e-02 -4.16350178e-03
  2.46488750e-02  1.23354234e-03  9.84780211e-03 -3.18385512e-02
 -1.46332933e-02 -9.97498818e-03 -1.10717705e-02  1.26516707e-02
  2.94153541e-02  8.56735185e-03 -7.59288808e-03  1.61173416e-03
  1.07844162e-03  1.21133085e-02 -8.68485030e-03  3.28175793e-03
 -1.30201646e-04  1.13707203e-02 -4.58151288e-02  1.42736798e-02
 -2.85541788e-02 -2.14527678e-02  1.47428317e-02  4.65980079e-03
 -3.85198946e-04  4.83892916e-04 -2.54927743e-02  7.54123926e-03
 -1.55385640e-02  2.05669403e-02 -1.53233185e-02 -1.02552930e-02
 -9.36223939e-03  1.39872422e-02 -1.18106594e-02  5.55660576e-03
 -1.09581752e-02 -9.31371190e-03 -1.00237585e-03  4.89234645e-03
  1.52706634e-02 -1.39539083e-02  1.53351091e-02  9.77319293e-03
  1.99219342e-02  3.50354309e-03 -2.11580992e-02  1.02062721e-03
  1.40458317e-02 -3.26609276e-02 -2.08570343e-03 -7.42883328e-03
 -6.83975266e-03  2.57076677e-02 -6.82446081e-03 -4.24044346e-03
 -2.82958765e-02 -2.53982805e-02 -9.72718745e-03 -1.51007262e-05
  1.28772538e-02 -1.94312129e-02  1.66630577e-02  2.74237129e-03
  5.90924406e-03  4.59953630e-03 -1.25635769e-02  1.06298821e-02
 -1.86883919e-02 -5.99608431e-03  4.17432189e-03 -9.28846560e-03
  2.70052012e-02 -8.53287615e-03 -1.99476853e-02  9.32433177e-03
  1.12132002e-02 -4.37989272e-03 -7.51002086e-03 -5.58648910e-03
  1.40201803e-02 -1.49478950e-03 -1.34210978e-02 -1.94305275e-02
  5.28967474e-03  4.84686764e-03  1.59086231e-02  2.47724634e-02
 -1.44573208e-02  3.14593539e-02  1.58985779e-02  6.07094495e-03
  4.75326413e-03  1.91589072e-02  1.24224024e-02  1.10381367e-02
  1.17379138e-02  1.12872142e-02 -1.50419390e-02  5.71742561e-03
  2.95704026e-02 -1.03678117e-02 -6.53203286e-04 -1.62160937e-02
 -3.30450572e-02 -2.04061978e-02 -1.34930247e-02  1.69381853e-02
 -2.18924917e-02  1.66863727e-03 -6.05652668e-03 -2.19976641e-02
  3.02821677e-02 -8.78642593e-03 -2.62231212e-02 -1.38851407e-03
  2.39936402e-03  7.38551933e-03 -2.43899226e-02  5.64117031e-03
  1.39281349e-02  4.83021559e-03 -1.08176935e-02  7.61933019e-03
  3.14665474e-02 -1.22817662e-02  4.00276762e-03 -1.22885667e-02
 -2.05736905e-02  2.34954227e-02  1.41897071e-02 -1.40466066e-02
 -8.50175216e-04 -3.90465604e-03 -2.12141238e-02  2.11126879e-02
  6.52059959e-03 -5.64077031e-03 -1.09811183e-02 -1.24682533e-03
 -7.57208932e-03  2.85375733e-02 -8.48442130e-03  1.81625430e-02
 -5.91893028e-03  2.70233001e-03  7.00583076e-03 -1.55179901e-02
  1.72790438e-02  7.97608122e-03 -6.81262510e-03  2.34398767e-02
  1.34172831e-02 -1.18893096e-02  2.38011661e-03  7.02535908e-04
 -2.84636370e-03  1.57963671e-02 -3.49839148e-03  6.65883813e-03
 -3.00100334e-02  2.57095089e-03 -2.21698154e-02 -3.45595442e-02
 -2.67302822e-02  5.21173002e-03 -2.86202854e-03 -8.61691718e-04
 -1.74951583e-05 -2.96403095e-02 -2.54409071e-02  2.79333089e-02
 -1.14879580e-02 -1.43397273e-02 -1.28979040e-02  1.64782070e-02
  3.62197421e-02 -1.22185741e-02 -2.49367077e-02  1.39484489e-02
  5.15723042e-03 -1.45858470e-02 -8.97202268e-03  4.65745386e-03
 -4.25615115e-03  2.05589533e-02 -1.10844728e-02 -1.20152172e-03
  2.34189327e-03  2.62418743e-02 -8.48012511e-03 -2.74857110e-03
 -3.46990302e-03 -5.65454848e-02  4.96346690e-03  1.08450127e-03
  5.71014360e-03 -2.44697798e-02 -2.16117594e-03 -7.54036196e-03
 -1.67690925e-02  2.45752472e-05 -1.77347008e-02 -1.56748220e-02
  1.72250364e-02 -3.56561318e-02 -2.65555922e-02 -1.79464519e-02
  1.34959323e-02  9.31020651e-04  2.41002887e-02  7.21947523e-03
 -4.00103256e-03 -2.96794660e-02 -1.30769666e-02  3.12338043e-02
  1.19993780e-02  2.92557590e-02  1.64959077e-02 -1.64436270e-02
  3.55322962e-03 -1.53635209e-03 -2.58054771e-02  3.43245291e-03
 -1.34056173e-02  8.86962656e-03  9.68368817e-03 -2.90000695e-03
 -2.51285359e-02 -1.12443613e-02  8.90634209e-03  4.82494431e-03
  4.08066018e-03  2.33067963e-02 -8.30594450e-03  1.16383256e-02
  1.30280666e-02  5.34993410e-03  3.19449604e-03 -7.13830907e-03
  4.45609959e-03 -2.12361626e-02  2.22977269e-02  2.10921951e-02
  2.53989659e-02 -3.41122213e-04  1.71916112e-02  4.04184824e-03
 -2.47962237e-03  2.20937040e-02 -1.05163315e-02 -2.44907774e-02
  5.88230789e-03 -9.82849766e-03  2.46967282e-03  9.86132957e-03
  5.30189089e-03  4.05403972e-03  1.06093511e-02  1.39170112e-02
  8.76600947e-03  9.38128866e-03  6.18665479e-03 -4.16849880e-03
  2.17515156e-02  4.38972563e-03  4.63504717e-03  1.18232919e-02
  2.00706553e-02  9.93897468e-02  2.72073713e-03  1.04567520e-02
  1.26274368e-02  7.20148310e-02 -4.35742270e-03  5.26120374e-03
 -2.02456079e-02  6.74058311e-03  7.12072523e-03 -1.58027522e-02
 -1.01094665e-02 -1.42701939e-02  8.47723242e-03  2.81775792e-05
 -5.29766595e-03 -1.85504779e-02  2.14648843e-02  1.05585791e-02
  1.89515967e-02 -1.40730767e-02 -3.03024929e-02 -8.20469577e-03
 -2.07419377e-02 -2.28072307e-03  2.09564902e-02  7.04136724e-03
 -1.03251822e-02 -7.66671170e-03  5.50859701e-03 -2.40868144e-02
 -2.31286753e-02  5.78626432e-03 -1.91684794e-02  1.23080621e-02
  9.84130427e-03  1.16973009e-03  1.05714276e-02  9.26527474e-03
  1.27478307e-02 -2.62188516e-03 -1.72140189e-02 -3.21832439e-03
  1.88728012e-02  1.23318918e-02  1.36535447e-02  3.65376994e-02
  9.24594142e-03 -1.25575729e-03  1.80841307e-03 -7.96494260e-03
 -3.01885302e-03  1.90508422e-02  1.56514309e-02  7.49339536e-03
  7.42119644e-03  3.99595313e-03  4.15787473e-03 -2.53828745e-02
 -2.29615718e-02  2.48763734e-03  2.24862695e-02 -6.50247466e-03
 -2.31451523e-02 -4.68780054e-03  3.02281920e-02 -4.32836328e-04
  2.21485849e-02 -4.63769771e-03  1.77685022e-02  8.03422555e-03
 -2.48327781e-03  3.44036892e-03  6.50096312e-03 -5.63024543e-03
  5.61142806e-03 -1.32091576e-02 -2.06540488e-02 -3.02207507e-02
 -1.55266626e-02  1.53158815e-03 -6.85464311e-03  3.63985822e-03
  1.23582885e-03  5.55079430e-03  1.34477131e-02 -8.09131656e-04
  2.77725724e-03  1.12020143e-03  1.93821359e-02 -1.28800599e-02
 -7.80161761e-04 -4.02887119e-03 -6.41447771e-03  1.76863745e-02
  2.96574971e-03  1.93088176e-03 -8.19630269e-03  3.07938247e-03
  1.56447124e-02  8.37615691e-03 -2.74052867e-03  9.79138352e-03
 -8.93448107e-03 -9.35416203e-03 -5.13058389e-03 -1.42872836e-02
 -1.91987753e-02  2.34260112e-02 -1.36812292e-02  1.70757826e-02
 -2.29677162e-03  2.71160379e-02  1.22093421e-03  1.23576643e-02
  2.72731744e-02 -1.62381362e-02  1.56936571e-02 -2.76003615e-03
  1.41728520e-02 -9.38575808e-03 -1.22708678e-02 -3.35149292e-04
  4.08000499e-03  2.13703350e-03  7.72301899e-03  1.59677733e-02
 -9.17220896e-04  1.27267977e-03 -1.81921795e-02  5.65300137e-03
 -8.66513292e-04  1.93513539e-02  1.55357586e-03  4.80156904e-03
 -1.23030413e-02  3.26726167e-03 -4.78016119e-03 -1.12478547e-02
 -3.73572018e-03 -5.71051845e-03 -9.34296940e-03 -1.31395338e-02
  3.02778557e-03  7.66461599e-04 -7.52186589e-03  2.56386702e-03
  1.58298425e-02 -1.21873291e-02  2.97929291e-02 -1.02524506e-03
  8.29560962e-03 -4.24786890e-03  3.37096825e-02 -1.36319436e-02
  1.25442138e-02  2.36429311e-02 -2.09794249e-02 -1.73785929e-02
 -6.52744342e-03 -3.40346131e-03 -6.46711048e-03  3.75187327e-03
 -5.90926642e-03  1.93967279e-02 -8.05235561e-03  3.63505771e-03
 -2.05228105e-04 -2.22418341e-03 -7.85460230e-03 -9.38592199e-03
 -1.27068246e-02  1.67294517e-02 -3.89605621e-03 -5.66885248e-03
 -8.40557739e-03 -5.83653746e-04 -8.53705406e-03 -3.29509974e-02
  1.13142967e-04 -3.08976136e-03  2.05235314e-02  1.29491382e-03
  3.55248824e-02  1.87467411e-03 -1.42895700e-02  7.01119239e-03
  5.55931032e-03  8.07757676e-03 -3.91471526e-03  2.27609975e-03
  1.70456730e-02  1.09820543e-02 -2.28685513e-02 -1.34091005e-02
 -5.08300308e-03  2.30126493e-02  3.40004079e-02 -4.49681748e-03
 -1.48672918e-02 -5.97079936e-03 -2.78579909e-03 -1.08456369e-02
  2.26418450e-02 -1.39144035e-02 -1.39778655e-03 -3.05023361e-02
  3.41123156e-03  4.38568974e-03 -1.50135607e-02  5.96705452e-03
 -1.56444982e-02 -1.10230157e-02 -9.61491466e-03  8.89734458e-03
 -6.25336543e-03 -1.25096263e-02 -1.37361716e-02 -7.76837301e-03
  3.58382473e-03  3.66251310e-03 -9.10626666e-04 -5.94667252e-03
  7.11229630e-03  8.44787620e-03  1.10442359e-02  1.28008388e-02
  1.53521041e-03 -6.25733752e-03 -7.75854569e-03 -3.01695243e-02
  1.43533228e-02 -1.56439433e-03  2.23318860e-02 -1.71716791e-02
  6.13823161e-03 -5.66714024e-03  1.35669876e-02  2.03325297e-03
  8.79862253e-03 -6.14952529e-03  2.03122832e-02 -3.83299626e-02
  3.87252099e-03 -1.44695370e-02 -4.55578463e-03 -8.52049887e-03
 -3.81037779e-02  8.45104177e-03  1.81435011e-02 -7.98902847e-03
  1.87052079e-02  1.01639433e-02 -3.76474753e-04  6.55396748e-03
  1.19880587e-02  1.03395255e-02  7.64076179e-03 -8.52731150e-03
  1.46343680e-02  1.48941670e-02  1.58968493e-02  1.06569389e-02
  3.10134962e-02 -1.79637857e-02 -3.95173626e-03 -2.86471341e-02
 -1.36416191e-02  3.17304465e-03  9.88148618e-03 -1.78274345e-02
  6.69002038e-05  1.16473567e-02  1.14531601e-02  4.52446099e-03
 -6.01359364e-03  5.45347156e-03  6.73873210e-03 -1.30889835e-02
 -3.18945153e-03 -8.47299956e-03 -8.55926331e-03  1.04937954e-02
  2.31567724e-03 -6.01810589e-03 -4.09468194e-04  1.66292265e-02
  6.73445757e-04  1.85734741e-02 -2.28266064e-02  1.44929290e-02
 -6.26659207e-03  1.76870730e-02  8.90745840e-04  5.39890910e-03
  1.11734252e-02 -7.16089597e-03 -1.84931718e-02  5.15248906e-03
  1.20918388e-02  7.18123186e-03 -3.32430713e-02 -2.46639159e-02
  5.16045839e-03 -1.73406452e-02 -3.56009901e-02  9.37033183e-05
 -1.84737351e-02 -9.37663950e-03  3.17165703e-02 -1.30080013e-02
  1.94891151e-02  4.04932015e-02 -9.38763842e-03  1.80326719e-02
  2.82026045e-02 -8.90095346e-03  1.30286196e-03 -1.17631219e-02
 -1.47058424e-02  7.43199140e-03 -8.72438028e-03 -1.32650137e-04
  1.59918964e-02  4.21526209e-02  1.90443061e-02 -1.52469249e-02
  2.61513423e-03  7.50590675e-03 -4.51423600e-03  9.12941818e-04
 -1.25765530e-02  3.42056784e-03  7.47154281e-03 -1.26660150e-02
 -2.55717579e-02 -1.04671391e-02  7.80865597e-03 -9.55718756e-03
  2.25808639e-02  9.80761717e-04 -2.39823083e-03 -1.02141611e-02
  2.54466571e-03 -7.53021706e-03 -2.48460332e-03  7.69305276e-03
  3.87951528e-04 -6.67100865e-03 -1.40399085e-02  1.85756832e-02
  4.92041279e-03 -7.74271507e-03  4.34225425e-03  1.67634431e-02
 -8.70528352e-03 -1.58579797e-02  5.28104277e-03 -1.76179758e-03
  2.08415836e-02  9.70561802e-03  4.55725472e-03 -8.69816635e-03
  3.11982748e-03  1.20970691e-02 -1.58348456e-02 -8.10876954e-03
  7.59040844e-03  1.56834591e-02 -1.82702411e-02 -8.25195480e-03
  8.00602697e-03 -1.02765653e-02  1.75174288e-02  2.80273426e-02
 -2.27104519e-02 -1.61019340e-02 -9.93803516e-03 -5.51358238e-03
 -3.85269988e-04 -2.19229423e-02  1.21384514e-02  8.77118632e-02
 -8.44996795e-03  9.25155589e-04  1.15780756e-02 -1.51870809e-02
 -7.66304554e-03 -1.04207024e-02 -1.21406442e-03  7.96452630e-03
  5.61290653e-03  1.95448357e-03  4.79371427e-03 -5.72988065e-03
 -3.41185033e-02  7.38497451e-03  1.05197858e-02 -9.59122088e-04
  5.60089340e-03 -1.41383056e-02 -9.44552384e-03  7.95088522e-03
  6.97055599e-03 -2.74395347e-02  5.29514742e-04  7.01260893e-03
 -2.19380367e-03  2.73168981e-02 -1.11277904e-02  2.00385693e-02
  2.79724691e-02 -6.24995772e-03  1.88534223e-02  1.48015833e-02
 -5.45419520e-03 -4.45754826e-03  1.66293308e-02 -1.51415672e-02
  3.37025560e-02  4.76106443e-03  3.06293578e-03  1.48264924e-02
  3.37379463e-02 -1.22918738e-02 -1.15868188e-02 -4.10892256e-03
  1.00189978e-02 -8.56464077e-03  2.46439100e-04 -1.78845730e-02
 -2.48159673e-02  8.84281565e-03  1.17941471e-02  2.68152505e-02
  1.64302792e-02  1.31827947e-02  7.57958228e-03 -2.47408310e-03
  5.76549908e-03  8.47101118e-03 -1.27425399e-02  2.16405978e-03
 -9.65977833e-03 -1.94609743e-02  4.07156628e-03 -9.86864883e-03
  1.41979661e-02 -2.24628765e-03 -2.04031501e-04 -1.21252239e-02
  1.35777928e-02 -1.63730013e-03 -2.05451250e-02 -6.21943688e-03
  5.93665102e-03  4.21575550e-03 -7.74576236e-03 -2.08954103e-02
  3.37420544e-03  8.69770348e-03  6.22770749e-03  2.63315588e-02
  9.71401576e-03  3.68420640e-03  9.45918262e-03 -4.12888359e-03
 -1.78462011e-03 -3.61280702e-03 -4.60189162e-03  1.42321670e-02
 -1.94213800e-02 -9.48179234e-03  1.72106572e-03  1.75437061e-04
 -2.24060398e-02  9.40286368e-03 -1.72361301e-03  2.12307349e-02
 -1.53357117e-02  2.28157714e-02 -1.16410973e-02  8.87554418e-03
  3.38755804e-03  6.38832804e-03 -2.20182426e-02  1.54525740e-02
 -1.62484078e-03 -1.46177597e-02 -3.49320248e-02  2.28505917e-02
 -3.88376713e-02 -4.91140177e-03 -8.70639551e-03  3.87851964e-03
  4.12178040e-03  1.08279213e-02 -9.44639649e-03  1.64380949e-02
  1.15224794e-02 -2.01713182e-02 -3.47399153e-02  3.08623159e-04
  1.75027959e-02 -1.80343855e-02  3.35587375e-02  7.82128191e-04
 -5.89766447e-03 -2.27959943e-03 -2.79205944e-03 -8.99196882e-03
 -5.81205450e-03  3.36207729e-03  1.53015153e-02 -1.28607312e-02
  1.60893202e-02  3.42605896e-02 -5.46937948e-03  1.33131677e-02
  1.65676773e-02 -3.69108878e-02 -1.38594687e-03 -2.47391406e-02
  2.02929582e-02 -1.30337765e-02 -2.13721804e-02  1.02168545e-02
 -3.40219587e-02  6.00621291e-03  9.72456113e-03 -9.30593163e-03
 -1.97002618e-03  2.53550857e-02  1.16413496e-02 -5.05231181e-03
 -7.91021436e-03 -3.50872800e-02 -2.57094409e-02 -1.18158374e-03
 -2.30378751e-02  1.63400341e-02 -1.73660635e-03 -8.12007766e-03
 -1.51061416e-02 -4.43620002e-03  9.21343174e-03  7.74919381e-03
 -2.66550593e-02  3.01413778e-02 -2.18337611e-03  3.99910659e-03
 -1.51972976e-02 -2.48467200e-03  1.75887737e-02 -3.40958871e-03
  3.34590301e-02  1.88056915e-03  1.72101669e-02  1.20992335e-02
  1.05568329e-02 -3.51971239e-02  2.15493217e-02 -6.15190454e-02
  2.55970098e-02  1.33066531e-02  1.16486689e-02 -3.55802337e-03
 -2.57897172e-02  7.76345655e-03  1.59784108e-02  8.13173689e-03
 -1.04545942e-02  9.41748079e-03 -6.75197318e-03 -4.47238795e-03
 -1.39889885e-02  2.20258255e-02 -4.70775254e-02  3.31197977e-02
 -1.01989340e-02 -2.65522371e-03 -5.59219206e-03 -1.11984331e-02
 -1.69771090e-02  7.38369394e-03 -4.54767840e-03  3.28839495e-04
  1.29038049e-02 -7.40035018e-03  5.86554874e-04  9.28891264e-03
  4.63389196e-02  1.82008324e-03 -2.11486947e-02 -6.67713210e-03
 -6.60523679e-03  8.67412542e-04 -2.23027868e-03  2.26966552e-02
  2.07807366e-02 -1.38537325e-02 -1.10640535e-02 -1.53188296e-02
 -5.56203304e-03 -1.26623048e-03  2.20526140e-02  2.45822361e-03
 -3.42257656e-02 -1.35194706e-02  1.22065833e-02  5.30342851e-03
  2.03614254e-02  1.09046688e-02  1.41316897e-03  1.19253686e-02
  5.69395069e-03 -1.23687908e-02  1.24534720e-03  1.31740971e-02
 -3.65689024e-02 -1.66517012e-02  2.46515367e-02 -4.31854278e-03
  2.15709191e-02  2.26530191e-02 -2.58615185e-02  3.14345397e-03
 -1.40814800e-02  1.07510742e-02  1.04805203e-02  2.51315441e-02
  1.16396155e-02 -5.38008614e-03  3.32127837e-03  5.92581090e-03
  2.27534212e-03 -1.40645411e-02 -1.25917392e-02  2.65953187e-02
 -6.13358570e-03  3.36058661e-02  2.75357012e-02  4.19206126e-03
 -2.24623736e-03  1.32930698e-02 -8.40814039e-03  6.66408148e-03
  1.50529779e-02  4.95072280e-04 -4.22173599e-03  1.64615326e-02
 -2.70696124e-03  7.95743521e-03  7.60942185e-03 -2.91923294e-03
  1.41140297e-02 -4.40752739e-03 -1.54084545e-02  1.43675087e-02
 -5.39896637e-03  1.08425068e-02 -7.52045773e-04  3.26724869e-04
 -1.93563867e-02  9.17519070e-03  8.71366356e-03  3.46381078e-03
  1.52934240e-02 -4.00410816e-02 -8.27604963e-04 -6.28936151e-03
  2.39775004e-03  2.13853028e-02 -3.55382869e-03  3.24565805e-02
  7.12541118e-03 -2.18413514e-03  1.03270486e-02 -7.87242036e-03
 -4.59600054e-03 -3.81946156e-04  2.20566682e-04  1.23872124e-02
 -1.81345474e-02 -4.20969399e-03  1.62426010e-02  2.10465845e-02
 -1.94080472e-02 -1.46698887e-02  9.90898698e-04 -6.11101103e-04
  4.35847352e-04 -2.60247383e-03  9.82169714e-03 -2.65963916e-02
  1.69126298e-02  1.01128258e-02 -6.06916985e-03 -1.16255078e-02
 -4.03126422e-03  4.53158701e-03  2.91755050e-03  2.32443796e-03
 -8.42422526e-03  1.14329662e-02  7.89085217e-03 -1.95734203e-02
  1.08032525e-02 -6.82300795e-03 -4.59998584e-04 -3.36150974e-02
 -3.10898293e-02  1.93451811e-02 -2.64202245e-03  4.23425622e-03
  4.37057391e-03  7.77146826e-03  5.41282992e-04  1.50893237e-02
  4.62962035e-03 -1.50629785e-02 -1.70439971e-03  9.13503580e-03
 -1.08920932e-02  5.20113390e-03  7.09009403e-03  2.95522902e-03
 -2.77093751e-03  3.91044794e-03  3.43528651e-02  1.43840928e-02
  4.46109474e-02  1.44300191e-03 -6.22299500e-03 -1.08147925e-02
  8.76221620e-03  7.70306448e-03  2.24437355e-03 -8.38632509e-03
 -3.63509310e-03 -4.52760700e-03 -7.84212071e-03 -4.76424932e-04
 -2.59728776e-03 -3.82845588e-02  7.33969687e-03  2.09905673e-02
 -3.07726627e-03 -6.49450207e-03  5.84632764e-03 -3.00678853e-02
 -5.76966023e-03 -3.90986679e-03 -1.25481030e-02 -2.88304649e-02
 -1.89482272e-02 -1.62338391e-02 -4.14633658e-03 -8.64375383e-03
  2.06117914e-03  2.98693049e-04  8.75287317e-03 -3.51527929e-02
  5.10442536e-03 -1.36860879e-03 -1.43750301e-02  2.98614148e-02
 -1.11981155e-02  7.27165444e-03  5.54099865e-02 -1.14189541e-04
 -3.56212892e-02 -2.41634063e-02 -1.21875294e-02  2.45742518e-02
 -1.42394919e-02 -2.98811123e-03  1.46502638e-02  8.71412177e-03
  1.20247435e-02  1.56200621e-02  1.02213174e-02 -2.57618390e-02
  1.28490636e-02 -5.56025794e-03 -1.96725409e-02  1.47743272e-02
  3.61441198e-04  2.25089528e-02  7.28459284e-03  2.56755948e-03
  1.02587370e-02 -2.64840852e-02  2.31636669e-02 -1.79331389e-03
 -2.57015768e-02  9.54923313e-03  1.47540122e-02 -1.17618882e-03
 -7.98616093e-05 -6.44270470e-03  1.89323332e-02 -5.62285306e-03
 -1.79148242e-02  1.25628673e-02 -7.78650679e-03 -6.11820398e-03
 -1.28061324e-02  6.92275213e-03 -6.08876627e-03 -1.94256417e-02
 -7.08503090e-03 -7.30427448e-03  1.23985689e-02 -1.07284598e-02
  2.29493435e-03  1.12086674e-02  8.36069137e-03 -1.12118879e-02
 -6.33127056e-03  2.10271333e-03 -1.15218470e-02  4.76730929e-04
 -2.68311966e-02 -5.54608507e-03  2.47156825e-02  7.39171123e-03
  1.41046047e-02  2.69176345e-03  2.04782896e-02  1.58940069e-02
 -1.14691851e-03 -8.98331869e-03  1.31608946e-02  1.52636622e-03
  2.68687122e-03  7.38217635e-03  3.18234414e-03 -2.23889258e-02
 -4.04418632e-02 -5.78746106e-03 -4.13645990e-03 -1.15357330e-02
 -6.52586343e-03  1.66503433e-02 -6.77243690e-04  1.98845845e-02
 -1.11325015e-03  8.42617825e-03 -2.63078883e-03  1.20896921e-02
 -2.03396007e-03  1.48726664e-02 -1.25238420e-02  4.41673584e-03
  6.89869886e-03 -5.36178285e-03 -3.70719400e-03  4.62857494e-03
  1.42548913e-02 -4.40018252e-03 -2.64793634e-02 -2.69626230e-02
  1.72106978e-02  2.37465855e-02  3.61769297e-03  2.13982835e-02
 -1.41758956e-02  5.07583469e-03 -3.63544486e-02  8.89318623e-03
 -4.50877612e-03  6.60882099e-04  1.03643890e-02 -2.14073509e-02
  1.34357437e-03  3.03104590e-03  2.48254882e-03 -3.47962417e-03
 -2.07974249e-03 -6.60346937e-04  9.89840273e-03  1.57496352e-02
 -5.45957536e-02 -1.50401974e-02 -6.08910900e-03  8.97660293e-03
  2.86579765e-02  7.63391936e-03  1.41403424e-02 -8.75436887e-03
 -7.02898717e-03  8.64263810e-03  1.86375082e-02 -2.15077065e-02
  1.04908994e-03  4.84999409e-03 -2.48138560e-03 -1.03731314e-02
 -3.98398824e-02  2.01896317e-02 -1.53412689e-02 -1.21094901e-02
 -1.74624361e-02  2.60281470e-03 -4.03324142e-03 -2.41826996e-02
  1.08110914e-02 -1.34170447e-02 -2.19643246e-02  1.97704211e-02
 -1.97523031e-02  1.27625391e-02 -2.02070437e-02  1.94864683e-02
 -1.04799047e-02 -2.29300838e-03  8.61884933e-03 -2.97152484e-03
 -8.14324804e-03 -1.84430555e-02 -1.16477897e-02 -1.24641666e-02
  1.35370502e-02  1.03740813e-02  2.17484683e-02  1.46800559e-02
 -3.24804365e-04 -1.48345064e-02 -4.80006216e-03  1.61708351e-02
 -1.00536533e-02  1.55634703e-02 -2.04353426e-02 -1.79969408e-02
 -8.83567333e-03  2.37392243e-02  1.49012273e-02  1.35693718e-02
 -1.12857632e-02  1.24710277e-02  6.14229869e-03  1.09047804e-03
 -1.28174864e-03  1.13712102e-02 -4.39998141e-04 -3.75152230e-02
  2.28791609e-02 -6.33236859e-03 -1.61921438e-02 -5.68783889e-03
  1.80364512e-02 -3.47962580e-03 -1.47977108e-02 -2.67240684e-02
  1.88205093e-02  5.84966794e-04  1.16221951e-02 -7.56267086e-03
 -5.86681813e-03 -1.64327882e-02  2.83308960e-02 -2.00220533e-02
 -7.10840162e-04  2.30325083e-03 -1.00484984e-04  1.05236806e-02
 -2.38547586e-02  5.95101435e-03 -5.51253464e-03  7.81535823e-03
  3.02886055e-03  1.03370963e-04 -1.75538398e-02  1.48692913e-03
  1.12329861e-02  2.68297624e-02  2.32268125e-02 -4.89913113e-03
  7.69091863e-03 -1.60131752e-02  9.02440865e-03 -5.96299674e-03
  1.07813487e-03 -1.20954299e-02  4.35268972e-03  1.62555091e-02
 -1.64398514e-02  2.65372428e-03  4.39553298e-02 -5.79319987e-03
  6.21649530e-03 -2.77241990e-02  7.26657640e-03  2.12571397e-02
 -1.47687327e-02  7.94076640e-03 -1.00319950e-04  1.93178072e-04
 -1.04395682e-02 -9.43179894e-03  5.64960344e-03 -1.07088378e-02
  1.93466153e-02  1.70327276e-02  2.06041187e-02  8.93205684e-03
  1.70826223e-02 -1.42346034e-02  1.66745711e-04  3.43455933e-02
 -2.10678354e-02  1.41212111e-02 -2.05649082e-02  1.76087543e-02
 -1.39787439e-02 -7.11277407e-03  1.10287108e-02  2.61878525e-03
  7.34082609e-03 -2.89612636e-02 -9.25531262e-04 -3.60866194e-03
  2.26356555e-02 -4.80890926e-03 -7.15978025e-03 -5.69003168e-03
  3.17646563e-02  1.04979251e-03  6.29575504e-03 -3.95569345e-03
 -1.38350092e-02 -1.37330424e-02 -7.23291421e-03  3.90560366e-03
 -9.62323509e-03 -2.56909314e-03  1.28099011e-04  2.47395933e-02
  1.34810787e-02  2.41725855e-02  1.75303686e-02 -4.03719954e-02
 -5.86792780e-03  6.46147830e-03 -2.82692257e-03 -6.40627090e-03
 -1.39569426e-02  1.92013429e-03 -1.99612491e-02  2.85378173e-02
  5.26397116e-03 -1.19512910e-02 -1.60276722e-02 -1.78005286e-02
  8.02641269e-03 -1.12378960e-02 -8.61077942e-03  3.46865579e-02
  7.44952681e-03 -1.42298788e-02 -1.53058358e-02  9.66956653e-03
 -9.38819349e-03  1.45800216e-02 -5.12266392e-03  2.81061511e-02
 -5.31374570e-03 -4.29162150e-03 -1.16671026e-02  1.69742610e-02
  2.50444971e-02 -2.85998471e-02 -2.00485825e-04  9.13241878e-03
 -5.27048996e-03  4.43008542e-03  2.03608274e-02  2.44434588e-02
 -1.74447931e-02 -2.04963423e-02  1.07251182e-02 -3.52084748e-02
  7.02556269e-03 -2.23382050e-03 -4.62342845e-03  1.23458961e-02
 -1.10608423e-02  6.47227454e-04 -4.12561418e-03 -1.88043639e-02
  6.79202378e-03 -4.99848335e-04  6.10735686e-03  2.78380606e-02
  8.24862346e-03 -1.07806688e-02  1.05020413e-02  7.77812907e-03
 -5.19169774e-03 -1.05736395e-02  5.15109673e-03 -3.77623131e-03
  1.96517259e-02 -1.13924090e-02  3.75527777e-02  5.13060670e-03
  4.11347076e-02 -2.55715381e-03  7.67334132e-03 -2.17035729e-02
 -6.07894547e-03 -6.81961374e-03 -6.61584828e-03 -1.93278734e-02
 -6.63923472e-03 -1.61565673e-02 -1.76365227e-02 -1.69556960e-02
  2.68524536e-03  9.85591765e-03 -1.62681993e-02  1.60524100e-02
 -3.00063286e-02  8.31601955e-03  2.89712939e-02  1.45773709e-04
  1.29740005e-02 -1.70109160e-02  4.34057135e-03  2.00247602e-03
  4.33525653e-04  4.27572802e-03 -7.90356472e-03 -3.34052667e-02
 -3.86641407e-03  6.47502672e-03 -6.47496572e-03  1.64506845e-02
 -1.22569045e-02 -9.36501077e-04 -1.11360196e-02  1.48763610e-02
 -1.40462751e-02  2.96930666e-03 -1.85763724e-02 -2.20566262e-02
  6.65476371e-04 -1.15529755e-02  3.79521726e-03 -2.09673364e-02
 -1.74849592e-02 -9.92477499e-03  6.13580272e-03  2.06700787e-02
  8.39500781e-03 -2.34198896e-03 -2.72305552e-02 -1.43422326e-02
 -1.47545645e-02 -3.26445922e-02 -1.57177858e-02  1.25972163e-02
 -2.30007842e-02  8.61643231e-04  7.97987636e-03  1.54046307e-03
 -1.29927639e-02 -1.07233701e-02  7.48449180e-04 -1.70427287e-04
 -6.91076275e-04  8.11770279e-03  1.56304445e-02  2.02931394e-03
  4.55179513e-02  7.66437827e-03  3.08278832e-03  2.48733964e-02
 -8.18008278e-03  1.91714745e-02 -8.52234289e-03  5.59485098e-03
 -7.63193413e-04  1.46819996e-02 -4.25161049e-02  2.79944157e-03
  2.24461127e-02  2.53412705e-02  3.03271983e-04  6.08561933e-03
  1.97227150e-02  2.53181020e-03 -5.76955546e-03 -4.68051247e-03
  1.40993437e-02  1.91591252e-02 -2.07428518e-03 -2.78544296e-02
 -2.31893696e-02 -4.43862984e-04 -2.18044245e-03 -9.46570467e-03
  7.11588375e-03 -6.61342777e-03 -3.25605460e-03 -1.27923479e-02
 -6.31423062e-03 -9.18953959e-03 -1.00384140e-03  6.76254928e-03
  1.69076994e-02 -4.64490335e-03 -6.77153841e-03  1.98235065e-02
 -7.39189563e-03  2.34027095e-02 -2.17978377e-02 -8.44085123e-03
  6.36002328e-03 -1.88098643e-02 -3.93761834e-03  1.35922078e-02
 -2.27979664e-03 -1.46783404e-02 -5.97057026e-03  1.33574503e-02
 -1.19819422e-03 -1.88160222e-02  6.39530655e-04  1.17133632e-02
  2.65797265e-02  4.36942501e-04 -1.95991807e-02 -5.55405719e-03
  2.17733067e-02  2.25988012e-02 -8.86636972e-03  1.14040421e-02
 -2.37126043e-03  9.21750162e-03  2.76323818e-02  3.32154594e-02
 -2.65866227e-04  1.39657287e-02  9.36074089e-03  2.15183776e-02
  4.09727264e-03 -8.58449470e-03 -1.18038515e-02 -3.41438409e-03
 -1.70296803e-02  1.26580056e-02  1.52030792e-02 -9.43410490e-03
  1.21828774e-02 -1.51117193e-02 -1.35884304e-02  2.64096018e-02
 -7.84354692e-04 -1.56095847e-02  6.32661022e-03 -6.78332476e-03
  3.66027723e-03  4.41757822e-03 -5.98308258e-03 -1.98915321e-02
  1.15204109e-02  1.18519571e-02  1.65006295e-02 -1.38304578e-02
 -1.91483870e-02 -2.30733249e-02  3.13965604e-02 -5.42840862e-04
  9.21523292e-03  2.71327468e-03  1.60646383e-02  7.49132829e-03
  1.36418883e-02  6.51534693e-03  3.92955877e-02  6.20131847e-03
  9.84769780e-03 -9.83999111e-03 -9.92970262e-03 -2.77503692e-02
 -3.02249775e-03 -2.28432333e-03  5.38696861e-03 -4.68888879e-03
  1.28952181e-02 -1.40306111e-02 -8.53633415e-03  2.38090623e-02
 -2.77767074e-03  7.09336251e-03  8.98088142e-03 -4.72649746e-03
 -1.84982512e-02  1.98517870e-02  2.31989613e-03 -1.40866274e-02
  1.77586917e-02  2.76410133e-02  5.46740042e-03  1.77012682e-02
 -8.06729030e-03 -1.17601408e-02  5.41822694e-04 -1.15696285e-02
 -4.23316518e-03  4.30773827e-04 -2.68253218e-02 -1.43645350e-02
  1.92646384e-02  2.78451294e-02  1.34957237e-02  1.67346019e-02
  2.42368039e-03  9.12047457e-03 -1.72609482e-02 -2.06034529e-05
  7.98209850e-03 -1.92783978e-02  2.74846088e-02  1.66238993e-02
 -1.57435553e-03  4.12487388e-02 -1.45611232e-02  1.02526729e-03
 -8.44154507e-03  1.98092475e-03  1.87759511e-02  5.29536232e-03
 -5.75412996e-02  3.17540877e-02 -3.13900039e-02 -8.50122713e-04
  1.08923083e-02 -2.67578778e-03  1.95008274e-02 -1.67359840e-02
  7.69137125e-03  1.66364182e-02  1.83200138e-03  2.79610022e-03
 -2.26143864e-03  1.67244654e-02 -4.59104398e-04 -2.23668721e-02
 -8.29193741e-03 -1.24082258e-02  3.27622779e-02  1.11988140e-02
 -2.11144481e-02 -1.36064123e-02 -8.78828578e-03  1.11867562e-02
  1.38919828e-02 -5.52943582e-03  6.54392294e-04 -2.55679036e-03
 -1.10127768e-02 -1.38554620e-02 -7.24952482e-03  1.57234296e-02
 -6.63931528e-03 -1.32834753e-02 -6.73308037e-03  2.59961654e-02
 -2.52236403e-03  1.60237905e-02  3.15581262e-03 -1.59661397e-02
  2.19127461e-02 -1.04247108e-02  5.52865956e-03 -1.26176281e-02
  2.42065359e-02 -2.46857665e-02 -1.93464719e-02  7.75862020e-03
 -5.82519360e-03  9.96874995e-04 -5.91848232e-03 -3.39709930e-02
 -3.80238481e-02 -2.95031853e-02  5.32050990e-03  1.26098907e-02
  3.19006667e-03 -9.27482080e-03  5.35649899e-03  2.32343376e-03
 -5.99012198e-03 -6.58039609e-03  2.86368624e-04 -5.82274422e-03
  2.43684649e-03  1.82627235e-02  2.08888133e-03  1.13428822e-02
  2.03302689e-02  6.60036365e-03 -1.80629026e-02  9.05312970e-03
 -3.82248685e-03 -5.97041612e-03 -8.01634695e-03 -1.83187649e-02
 -1.74034983e-02 -1.43263973e-02  6.35096617e-03 -5.21894637e-03
 -3.08050099e-03 -2.54536327e-02 -5.90539444e-03 -2.37506609e-02
 -1.66388620e-02  6.80508232e-03 -3.51824313e-02 -7.43773067e-03
  5.21468511e-03  5.42149879e-03  5.04461164e-03  2.73303948e-02
  5.04646683e-03  1.33436220e-02 -6.81118742e-02 -6.40416890e-03
 -1.01822875e-02 -6.37275912e-03 -2.08831429e-02 -8.07804987e-03
 -2.02789623e-02  1.01859467e-02 -1.68474149e-02 -1.35452999e-02
  2.25289376e-03 -1.51752271e-02  7.83095602e-04  8.51725601e-03
 -1.43088382e-02 -2.61331769e-03 -1.56110888e-02 -2.81556062e-02
  2.19109771e-03 -1.23101287e-02  1.28837032e-02  5.62066678e-03
  2.32384708e-02  2.05414207e-03 -1.10506788e-02 -1.44037243e-03
 -1.26604009e-02 -5.18681156e-03 -1.38765350e-02 -9.67952423e-03
  4.78560887e-02  5.92584629e-03  1.42857432e-02  9.81292687e-03
 -2.39300802e-02  1.34936636e-02  8.66323244e-05 -3.22413049e-03
  5.83634526e-03  1.27156880e-02 -1.26445889e-02 -1.09121846e-02
  3.28508578e-02 -1.46440966e-02  1.09023247e-02  3.11337109e-03
 -2.38089766e-02  1.05405403e-02 -9.84378159e-03 -3.04649142e-03
 -1.99739868e-03 -3.53014544e-02  4.51172749e-03  1.88908596e-02
  1.76994484e-02 -3.47508816e-03  3.09355208e-03  1.43329334e-02
 -1.60217416e-02  1.28500191e-02  8.96010827e-03  4.62172524e-04
 -9.68747307e-03 -3.44936624e-02 -4.37524961e-03  3.14233787e-02
 -1.08949738e-02 -3.00214556e-03 -1.45085724e-02  1.36729218e-02
 -2.62732687e-03  9.07238852e-03 -1.61717664e-02 -1.25827799e-02
  1.09856017e-02  2.60280147e-02  2.13094987e-02  2.91808229e-03
 -1.81783661e-02 -1.28878420e-03 -6.91136869e-04  1.53356884e-02
  4.60583437e-03 -1.23457564e-02  1.44410785e-02 -2.48185098e-02
  1.56280100e-02  3.14263664e-02 -3.39289196e-03  8.39642342e-03
 -2.64628697e-03  1.25553561e-02  1.37832761e-03 -2.69486220e-04
  1.58657953e-02 -1.13084288e-02 -2.26164479e-02  2.35019978e-02
  1.52542861e-02 -1.23482291e-02 -1.94211807e-02  2.36768723e-02
  1.07474588e-02 -1.24997292e-02  3.39870667e-03  2.65904143e-03
 -1.01413429e-02 -1.55665269e-02 -1.85407586e-02  1.43428538e-02
  2.92921113e-03 -2.60174135e-03 -3.41243856e-03  3.01543474e-02
 -9.49973240e-03  4.16470366e-03 -1.22841951e-02  8.10158253e-03
  1.75302457e-02  1.05138915e-02  1.57566927e-03 -1.70104131e-02
  1.36280544e-02 -1.43829407e-02  2.48709088e-03  3.36309671e-02
 -2.07724776e-02 -5.73608046e-03  2.42681671e-02  1.67163520e-03
  5.91353327e-03  3.56912753e-03 -1.49484724e-02  1.41464164e-02
 -8.10757186e-03 -6.83344388e-03 -1.23152817e-02 -5.51362429e-03
  1.59203783e-02 -9.24016256e-03 -9.39586759e-03  6.61793305e-03
  2.09242273e-02 -2.01264862e-03 -5.03803417e-03  1.39361685e-02
 -1.05499327e-02 -2.85616126e-02 -1.10057108e-02 -3.28556285e-03
  2.49974104e-03 -6.65554544e-03  2.77628680e-03  8.61847680e-03
 -3.84438667e-03 -3.34116793e-03 -8.29686970e-03  9.79535189e-03
  5.70435589e-03  1.33867264e-02 -8.52733478e-03  3.53881903e-02
 -1.11317774e-02 -1.58097744e-02 -2.18913015e-02 -5.69025939e-03
  6.86448906e-03  7.72095472e-03 -8.20996054e-03 -3.85457370e-03
 -1.31681081e-05  1.45646892e-02 -8.14255048e-03  6.98718010e-03
  1.15985505e-01  6.21791417e-03  1.68979988e-02  2.10239347e-02
 -1.71332136e-02  3.46650695e-03 -3.28846439e-03  4.78096195e-02
  1.84599273e-02 -3.67693370e-03 -1.30255809e-02  4.29703947e-03
  3.00874505e-02  4.25967947e-02  8.82176589e-03  1.01448214e-02
 -1.56200619e-03 -3.24191665e-03  2.38178615e-02 -5.11838868e-03
 -2.78168954e-02 -2.70102210e-02  1.15689486e-02  1.60218624e-03
 -6.31925277e-03 -1.63984448e-02 -1.76611263e-02 -5.93862787e-04
 -1.24468177e-03  1.11732138e-02 -5.97265176e-03  4.06500436e-02
  2.78423261e-03 -2.60389708e-02 -4.16492391e-03 -1.26462281e-02
  1.59153398e-02 -9.40565951e-03 -1.25189237e-02  2.97633163e-03
 -1.17023354e-02 -1.72103260e-04 -1.66489314e-02  2.45305058e-02
  3.58683104e-03 -3.38440910e-02  1.91752538e-02  2.87065795e-03
 -1.75449830e-02  1.29184676e-02 -1.03546027e-02 -1.50881987e-02
  1.25114033e-02 -9.23047401e-03  1.81911811e-02  2.95731388e-02
  1.75842107e-03  1.06612593e-02 -1.63990036e-02  2.56674495e-02
 -6.50268933e-03 -7.39714736e-03 -2.17007846e-02  3.64931896e-02
 -9.50909499e-03  2.44954713e-02  8.27082433e-03 -2.59349099e-03
  5.53321047e-03 -1.03567587e-02  3.41077596e-02  1.91269256e-02
 -1.87380798e-02  1.77683961e-02 -1.90178473e-02  8.49593338e-03
 -2.14341190e-03  2.09952984e-02  8.90153926e-03 -5.51968766e-03
 -5.45838440e-04 -1.66295888e-03  6.47293462e-04  1.36858858e-02
  1.19792167e-02  1.45678017e-02  7.47596845e-03 -1.10511249e-02
 -1.30565139e-02  2.21193582e-03 -6.50992710e-03  1.04008624e-02
 -2.94696521e-02 -2.70039812e-02  8.78926716e-04  3.98337469e-03
  2.15320420e-02 -1.41067700e-02 -1.09742377e-02 -5.24447300e-04
 -6.31672796e-03  6.08947035e-03  1.48131400e-02  1.37933400e-02
 -1.90546606e-02  1.98612940e-02  2.83684190e-02  1.36922188e-02
 -1.81035530e-02  9.66561667e-04  5.73564554e-03  6.04273416e-02
  1.61595251e-02 -1.21365879e-02 -1.72871500e-02 -1.13505395e-02
 -1.30290147e-02  6.95655448e-03  3.93149676e-03  2.52504144e-02
 -4.91517782e-03  1.17369648e-02  3.13013084e-02  1.10428361e-02
 -1.68975499e-02  1.54336011e-02 -7.39727123e-03  1.27723068e-02
  4.51457594e-03 -2.02772208e-02 -9.30144824e-03 -9.89152770e-03
  4.14260849e-03 -5.53858932e-03  3.29508334e-02 -1.58088952e-02
 -1.06186857e-02 -1.21307140e-02 -2.24771723e-03  8.72303266e-03
 -2.41774414e-03  1.64300725e-02 -1.45430919e-02 -4.66188788e-03
 -6.90843270e-04  4.76031331e-03  1.16888390e-04  9.46965627e-03
  1.14087248e-02  1.13881323e-02  8.41600634e-03 -2.49863393e-03
 -9.52220929e-04 -1.74203154e-03  1.56145180e-02  2.47383658e-02
  5.65842912e-03 -1.61331240e-02  2.53203744e-03 -8.20782315e-03
  8.29460472e-03  4.05217521e-02  5.68120182e-03  9.74763650e-03
  2.03293376e-03  3.32703181e-02  1.58883948e-02  3.32484441e-03
  3.24743651e-02 -6.91780355e-03  1.14241091e-03  3.35664605e-03
 -7.18731992e-03  1.95684358e-02 -8.83834530e-03 -1.72897000e-02
  3.93168489e-03  7.14702858e-03 -1.51885464e-03 -4.76134242e-04
 -3.69198509e-02  8.00505467e-03  2.04234794e-02 -2.87639472e-04
 -1.67244274e-04 -1.28883403e-02 -1.37522258e-02 -5.55899460e-03
 -3.97311291e-03 -7.12105166e-03  8.71667080e-03 -1.12303197e-02
 -2.73919161e-02  5.18930657e-03  1.07839219e-02  5.34610869e-03
  2.24144328e-02 -2.09482182e-02  1.43324072e-02  2.30010338e-02
  2.57835332e-02  6.37816032e-04  1.11406827e-02  1.24788200e-02
 -1.29356319e-02 -7.54673209e-04 -1.09782265e-02 -1.43806054e-03
 -4.49587451e-03  3.51121090e-03 -2.92400196e-02  7.31693441e-03
  3.02233398e-02 -2.87167504e-02 -1.64269060e-02  2.52678953e-02
  3.03784292e-02  6.08340371e-04  5.33741154e-03 -1.39497286e-02
 -1.58699062e-02 -1.17820743e-02  8.73652566e-03 -1.39277456e-02
  6.69655623e-03  1.95856988e-02 -2.80059557e-02  2.76369527e-02
 -8.11977126e-03 -1.20411627e-02 -2.74133727e-05  1.09881870e-02
 -1.84158999e-02  9.49849654e-03  1.12328539e-02 -2.47018086e-03
  1.41496938e-02  6.44678425e-04  4.72335294e-02  2.65301317e-02
  1.41204149e-02  1.25095928e-02  1.20250126e-02 -4.06487938e-03
  2.73565445e-02 -3.49861868e-02 -3.52390431e-04 -2.73389742e-03
  1.07985828e-02  9.06936545e-03 -1.17048039e-03 -1.06064836e-02
 -3.48922261e-03 -1.26519976e-02  7.54419155e-03 -4.86115739e-03
  1.23133119e-02  1.02055185e-01 -3.38331633e-03  1.65203062e-03
 -2.81888228e-02  2.86560087e-03 -1.33216484e-02  2.14330200e-02
  1.35423178e-02  1.12196971e-02 -3.19647379e-02 -3.85831739e-03
 -2.01837663e-02 -8.62491876e-03  1.43414410e-02 -4.18370124e-03
 -4.26386716e-03  1.06203917e-03  2.70845299e-03  1.22038936e-02
 -1.58315338e-02 -5.01210913e-02  2.41015572e-02 -4.51281015e-03
  6.44581113e-03  1.24585927e-02  1.55096343e-02 -2.21711746e-03
  2.59755645e-02 -3.89663083e-03  1.97968204e-02  3.34337726e-02
 -1.53894192e-02 -5.66846284e-04  9.84840188e-03 -2.47961544e-02
 -4.95762425e-03 -2.04389021e-02 -3.03803068e-02  2.09080037e-02
  4.42440901e-03 -7.62614189e-04  2.00745594e-02 -4.44144104e-03
  1.02989022e-02  6.67723082e-03 -4.18635597e-03  2.48629395e-02
  1.97885139e-03  1.81269124e-02 -6.64098095e-03 -5.13736205e-03
  1.14831729e-02 -1.64349619e-02  3.03064547e-02 -2.51833256e-02
  1.52618820e-02 -9.64536052e-03 -1.36057744e-02  2.47729421e-02
 -7.14207161e-03 -9.48132249e-04  1.19521897e-02 -1.73051767e-02
  3.13601457e-02  4.45510633e-03 -1.91641711e-02 -4.34055030e-02
 -3.58079188e-03 -1.49070937e-03  3.12004401e-03 -3.87737378e-02
  1.12382649e-03  6.12480007e-03 -2.69383173e-02 -5.18084643e-03
 -1.71175250e-03 -4.10823617e-03  1.23548107e-02 -6.53303694e-03
  6.22611027e-03  1.47321941e-02  9.51369945e-03  1.04488200e-02
 -8.41462240e-03 -2.89728902e-02  7.82993156e-03 -1.22666620e-02
 -2.49747615e-02  8.81240703e-03 -1.36105819e-02 -5.36852097e-03
  1.94955096e-02  5.87336160e-03  6.13105111e-03 -3.46151553e-02
 -1.67579893e-02 -4.52735461e-04  2.09248229e-03  7.22701661e-03
 -5.81452157e-03  1.73088070e-02 -2.35186089e-02  1.79013849e-04
 -2.21483074e-02 -1.67020205e-02  6.74143853e-03 -7.03806698e-04
 -1.93005695e-03 -2.40406836e-03 -1.08032469e-02 -2.08824873e-02
 -2.94229072e-02 -3.81770125e-03  1.74085621e-03  1.79918502e-02
 -1.70127675e-02  4.43156576e-03 -1.28840860e-02 -1.05315465e-02
  3.24538327e-03  5.64439269e-03 -1.18391700e-02 -5.12534427e-03
 -3.13140941e-03  1.20139560e-02  1.34147294e-02 -1.97224575e-03
  6.85764011e-03  8.40350147e-03  5.46982093e-03  3.54503212e-03
 -9.15432256e-03  1.15850819e-02 -7.45347748e-03 -8.12965445e-03
  1.72534622e-02  1.64651088e-02  6.92641083e-03 -3.13747190e-02
 -1.61784068e-02  1.50187723e-02  1.98053680e-02  2.98141805e-03
  4.53170476e-04  1.68904141e-02 -1.19071407e-03 -2.36022137e-02
 -1.39987748e-02 -4.16222727e-03 -2.79247966e-02 -2.12867931e-03
 -8.23728647e-03  2.42200736e-02  2.12414581e-02 -5.19961910e-03
 -6.03783131e-03 -1.44011909e-02  1.97760742e-02  5.66528505e-03
 -4.27182019e-03  1.63574964e-02  1.02931811e-02  2.48412602e-03
  9.55086201e-03  6.70793373e-03 -4.45266580e-03  1.52211916e-02
  2.72157341e-02 -2.58990237e-03 -6.36669388e-03  4.03397600e-04
 -2.73748091e-03  2.32885801e-03  1.25883799e-02  3.94219579e-03
  1.40799601e-02  1.02646218e-03 -9.00471490e-03 -1.65289417e-02
 -3.69061134e-03 -2.81254724e-02 -1.72339380e-02 -7.54130259e-03
 -2.73972610e-03  1.37091279e-02  3.25662899e-03 -6.49832096e-03
  4.71663196e-03 -2.56384234e-03  1.87153183e-02 -7.57597387e-03
  6.56556897e-03 -4.72261384e-03 -1.18065011e-02 -9.63309035e-03
  6.38111960e-03 -1.44423656e-02  7.71036977e-03 -2.97389720e-02
  4.25474282e-04  3.26065347e-02  7.47369311e-04 -9.24749672e-03
 -8.81269109e-03 -2.98279487e-02  1.38316804e-03  1.53306201e-02
 -1.63691007e-02 -1.10004572e-02  4.66944184e-03 -4.27113893e-03
 -6.39174972e-03  1.08701559e-02  4.49466566e-03  8.05091229e-04
 -5.17989509e-03  2.02347501e-03 -7.81845767e-03 -2.04101484e-02
  1.44401919e-02 -1.33698015e-02  1.05504766e-02  7.33005814e-03
 -1.04060723e-02 -4.15178575e-03 -8.84637411e-04  3.32837296e-03
 -9.04671382e-03  7.88490567e-03  9.17528290e-03 -8.02877941e-04
  2.36254744e-02  7.54054263e-03 -7.87944160e-03 -1.02213034e-02
 -2.22573653e-02  3.80914751e-03 -1.57745741e-02  1.80231910e-02
  1.64889582e-02  7.43354671e-03  3.58212343e-03  1.29370494e-02
 -9.92678571e-03 -4.77899099e-03 -3.97916371e-03 -1.85399652e-02
 -2.49897558e-02  2.78142188e-03  1.04160514e-02  6.32908009e-03
 -6.03751792e-03  3.60908569e-03 -1.10624889e-02  4.74851690e-02
 -1.10808294e-02  1.06359031e-02  4.25523985e-03  6.94840169e-03
 -1.14154129e-03 -2.35208180e-02  1.72831141e-03  1.30230552e-02
 -4.01926460e-03  2.94016616e-04  5.05783176e-03  8.16946197e-03
  5.26112737e-03 -3.19744484e-03  4.22728388e-03 -1.10539375e-02
 -8.42922181e-03  2.48621311e-02  3.86703084e-03  1.50079019e-02
  1.48694124e-02 -4.49353904e-02 -1.72495302e-02 -9.38608602e-04
  4.79242811e-03  1.36214029e-02 -7.19817728e-03 -2.82715715e-04
 -1.00933909e-02  2.06036363e-02  1.52401235e-02  1.81751419e-02
 -1.22920685e-02 -2.18453109e-02 -8.09317920e-03  1.32926740e-02
  1.59980240e-03  1.85285285e-02 -2.30557807e-02 -4.20021079e-03
 -5.57664689e-03 -2.22315714e-02  1.72764696e-02 -1.30421827e-02
 -1.32051306e-02 -9.49780922e-03 -7.26286741e-03  1.73264556e-02
  5.65321557e-03 -1.81082524e-02 -2.12978516e-02  8.47955421e-03
 -1.53136542e-02 -1.69615634e-02 -3.29608284e-03 -7.40459515e-03
  1.75262336e-02  1.05900373e-02 -6.92795683e-03  1.27834978e-03
  5.96902007e-03 -9.90924519e-03 -3.91188869e-03  3.06581818e-02
 -1.60828549e-02  5.32566395e-04  3.11604148e-04  2.32695453e-02
  1.12832123e-02  1.35294150e-03  1.27573160e-03 -2.18550824e-02
 -1.15253637e-02  1.64847123e-03  2.59851832e-02 -3.32321739e-03
 -3.09127886e-02 -7.91001692e-03  2.00946238e-02  1.51424902e-02
 -4.59720427e-03 -2.48822160e-02  1.76746938e-02  1.20344944e-02
 -1.17847626e-03 -5.58851345e-04 -9.43517778e-03 -1.25576812e-03
  6.40808977e-03  1.55554628e-02  1.29361190e-02  2.73355539e-03
 -4.26471746e-03 -7.45104020e-03 -6.05225563e-03  1.48167610e-02
  2.79167444e-02 -2.09385753e-02  1.02468580e-02 -1.59931984e-02
  1.17651988e-02  3.05421446e-02 -2.22709458e-02 -2.14710296e-03
  1.89547837e-02  3.74618708e-03 -9.90847126e-03  1.80966929e-02
  2.57514156e-02  2.66774800e-02 -3.74452258e-03 -1.86561774e-02
 -2.66915886e-03 -2.62104310e-02 -1.69550385e-02  1.49756754e-02
 -2.98649743e-02 -2.38539698e-03 -9.18090716e-03  2.75568347e-02
  1.64643172e-02  2.94992886e-03 -7.67952297e-03 -5.75609459e-03
  1.63944717e-02  4.81881521e-04  2.34024003e-02 -1.07206786e-02
 -1.24520110e-02 -2.18164618e-03  5.45835868e-03  1.21773249e-02
 -2.04353202e-02  1.23094663e-03  2.03663185e-02 -1.19736269e-02
 -8.75718985e-03  7.50131253e-03 -6.85936818e-03 -2.58216728e-02
 -1.16069987e-02 -2.43226141e-02  1.90276895e-02 -2.37954948e-02
 -1.63030513e-02 -2.50459010e-07 -6.16337080e-03 -1.35187129e-03
  9.56170447e-03  2.85819434e-02 -1.65475495e-02  1.79041494e-02
  1.51498392e-02  3.13427253e-03  3.33072133e-02  2.76843365e-03
  3.23518924e-03  1.08141853e-02 -4.70110495e-03 -9.62598436e-03
  1.06209526e-02  8.83152802e-03 -1.38113126e-02 -1.06249014e-02
  7.95510318e-03  8.02460127e-03  4.24792990e-03 -1.13039827e-02
  7.88332522e-03 -3.91162373e-03 -1.40309064e-02  3.79835535e-03
 -1.45322783e-02  2.00815871e-02  1.18378270e-02  2.18987372e-02
  1.09946989e-02  1.22764064e-02  1.34485299e-02 -3.62076127e-04
 -2.60761827e-02 -2.38078553e-03  2.70907796e-04 -2.31841821e-02
 -5.54947834e-03 -9.06710699e-03  1.80697604e-03 -3.43849720e-03
 -1.21752964e-03  3.45720560e-03  1.19766244e-03 -2.71209832e-02
  3.77911120e-03 -3.16337077e-03  2.48971470e-02 -2.43174843e-02
  8.62390827e-03  5.36473747e-03  3.02487165e-02 -1.34312687e-03
  7.74384988e-03 -8.89083557e-03  3.95522773e-04  2.15113908e-02
  9.60502587e-03  4.43655066e-03  2.99642008e-04 -2.05663126e-02
  2.67928466e-02 -1.78651488e-03 -1.19336443e-02  9.72054899e-03
  2.41301674e-02  1.62398414e-04  1.96055137e-03  3.51355714e-03
  4.60054679e-03 -2.84781773e-03 -4.42918483e-03 -1.32054873e-02
 -2.95131337e-02 -1.51056685e-02  1.86175993e-03 -2.16578208e-02
 -1.10354926e-02 -1.30085004e-02  1.16851069e-02 -1.29322493e-02
 -1.96956955e-02 -1.68750957e-02 -1.24166231e-03 -2.76886001e-02
  3.88078368e-03 -2.46719141e-02  2.52281558e-02 -6.01338746e-04
  1.43716624e-02  1.59352142e-02  2.22760066e-02  1.01130188e-03
  1.69635843e-02  2.16922001e-03 -7.95321725e-03 -7.74859311e-03
 -1.72445085e-02 -1.57292765e-02  1.43728778e-02  3.65885295e-04
  4.46344930e-04  8.83118622e-03  7.28441728e-03  5.15296590e-04
  1.47959962e-03  3.85375624e-03 -1.21243978e-02  9.02377162e-03
  1.11304382e-02 -7.18175573e-03 -1.52984429e-02  1.82821844e-02
 -5.65102277e-03  4.35047410e-03  7.17764953e-03 -3.33885290e-03
 -3.58811842e-04 -1.74001884e-02 -8.63462128e-03  1.84223137e-03
  3.16548580e-03  2.14431784e-03 -1.57721005e-02  4.10793312e-02
 -1.60519383e-03  6.58191275e-03 -5.48276526e-04  1.19992634e-02
  3.22007164e-02 -1.95387355e-03  1.09291850e-02 -9.40297265e-04
  6.59667840e-03  6.06048619e-03  1.45589570e-02  1.68978830e-03
  2.12118961e-02 -1.15113026e-02 -1.58982689e-03  1.61486305e-02
  2.79851332e-02 -1.80196166e-02 -1.02522410e-02 -1.17869861e-02
  1.02841668e-02 -1.43184839e-02  1.39473453e-02  3.67683847e-03
 -5.52023202e-03  4.66157543e-03 -5.64691203e-04  7.95542356e-03
 -5.51189855e-03 -5.46597084e-03  6.81617297e-03  4.50078957e-03
 -1.23874126e-02 -1.58002079e-02  4.09523100e-02  7.87643425e-04
 -1.04859956e-02 -8.58681556e-03  3.42732742e-02 -1.06269168e-03
  1.04156295e-02  2.16100272e-03  5.98500436e-03 -9.63750668e-03
 -1.01084774e-02 -9.90447821e-04  7.95391388e-03  5.98951709e-03
 -2.61781551e-02  8.23986158e-03 -9.34546255e-03  7.32797198e-03
  2.96852700e-02 -9.91930792e-05  5.93710644e-03 -2.95235333e-03
  7.92713836e-04  2.49592587e-03 -5.97435143e-03  8.07421515e-04
 -4.34773369e-03 -3.13737541e-02  1.93208735e-02  2.87531894e-02
 -2.75312318e-03  7.80058140e-03  2.21053306e-02  5.43801393e-03]