[ 2.89623020e-03 -3.74398893e-03  1.68522187e-02 -8.64096917e-03
  9.92189045e-04 -2.07190737e-02  3.00052157e-03 -6.37586741e-03
  2.40739509e-02 -3.86059750e-03 -1.92885548e-02  1.58607063e-03
  2.03409996e-02  4.34448803e-03 -4.21195664e-03 -4.52920934e-03
 -6.28475053e-03  2.36811349e-03 -1.62952133e-02  1.69044714e-02
 -1.54509153e-02 -8.93721078e-03  1.32206930e-02  1.72758140e-02
  8.00242368e-03 -8.35971162e-03 -6.82316720e-03  3.25941551e-03
 -3.62018996e-04 -4.35073394e-03 -1.70077179e-02 -8.34951177e-03
 -8.89129471e-03 -1.94775267e-03  6.32588891e-03 -4.45079710e-03
 -3.46563850e-03 -1.05200280e-02 -1.61716677e-02 -2.89456416e-02
  1.34645775e-02  4.22118697e-03  2.91127455e-03  7.78793241e-04
  5.34932315e-03 -1.71907134e-02 -8.68968572e-03  1.26679232e-02
 -1.71573199e-02  1.04046729e-03  2.67148912e-02 -1.38833583e-03
  2.86167534e-03 -5.60024288e-03 -6.72738021e-03  2.61428347e-03
  1.56359449e-02  1.48709444e-02 -2.16233172e-02 -2.05413159e-02
 -3.93705163e-03 -1.18764807e-02 -6.99297106e-03  1.97763611e-02
  9.19300318e-03  2.60023819e-03  7.76589615e-03 -7.35605555e-03
 -5.10206725e-03 -1.36316009e-02 -5.84896654e-03 -4.68049524e-03
 -1.65952351e-02 -2.34203483e-03 -4.79284814e-03  4.69134393e-04
  6.32758019e-03  1.61640448e-04  4.88028908e-03  1.49887241e-02
  6.72623562e-03 -9.89162829e-03 -5.19017596e-03  1.79736149e-02
  5.60738333e-03  2.43316274e-02  5.23303682e-03  4.66720155e-03
 -8.97234213e-03  9.46721621e-03  1.30486954e-02  4.99836318e-02
 -6.82038488e-03  7.63341365e-03  2.59988802e-03  2.83061042e-02
 -1.09209465e-02  1.08789420e-02  6.19855803e-03 -2.90551800e-02
 -1.19954264e-02  1.26801142e-02  3.13418964e-03  3.06011806e-03
 -1.00688578e-03 -6.42906642e-04  5.52708469e-03 -2.34873146e-02
 -3.28400009e-03 -1.09398030e-02  1.19657861e-02  6.62087044e-03
 -3.68985138e-03  4.21357225e-04  3.90254590e-03 -9.96948406e-03
 -4.33975039e-03 -1.26555376e-02  1.13802799e-03 -2.51445849e-03
  3.56465098e-05 -7.55073177e-03 -1.30766714e-02 -3.34001184e-02
 -3.29976738e-03 -1.43007413e-02 -1.01023037e-02 -1.07962377e-02
 -1.34094777e-02 -1.48025854e-03 -1.83219668e-02 -1.55799938e-02
 -8.70722998e-03  1.08136535e-02  5.68186399e-03 -2.29438692e-02
 -2.32459027e-02 -8.69797834e-04 -2.09806729e-02 -2.84853671e-02
  7.19743315e-04  1.07310498e-02  1.54783146e-03  1.90412160e-02
 -1.05333896e-02 -7.49378745e-03 -1.60244352e-03 -1.63678976e-03
 -6.70180132e-04  3.89426015e-03  2.54439328e-05  6.71488605e-03
  1.08556580e-02  6.83496753e-03  1.18503580e-02  1.48254409e-02
 -7.62207014e-03  2.09117979e-02 -2.09600907e-02 -5.84019162e-03
 -1.74032543e-02 -1.16327908e-02 -1.96009432e-03 -1.65022779e-02
  1.00425659e-02 -6.06294861e-03 -1.08736185e-02  2.84046698e-02
 -9.46218520e-03 -1.49705205e-02  3.59971300e-02  1.55151181e-03
  1.49459168e-02  2.86835292e-03  2.47477600e-03  1.36914318e-02
 -7.69660156e-03 -6.54880237e-03  4.36585629e-03  9.08131711e-03
 -3.83260008e-03  1.00743463e-02  4.99143219e-03  2.38758978e-02
 -6.07164809e-04 -1.89443063e-02 -4.73181950e-03  1.05554601e-02
  1.71615910e-02  1.56717692e-02  5.97982993e-03 -2.05445271e-02
  1.03476252e-02 -6.44680206e-03 -1.90966241e-02  7.31997471e-03
 -4.08103988e-02 -1.49556752e-02 -1.30474437e-02 -2.24079601e-02
 -1.16447988e-03  1.59703791e-02 -6.40517799e-03 -2.35268730e-03
 -1.33388396e-02  1.78953204e-02 -1.29555026e-02  1.06432782e-02
  8.57541803e-03 -1.72589277e-03  1.55229336e-02 -1.67771783e-02
  1.76557023e-02  1.44665418e-02  2.54518399e-03  1.41087109e-02
 -2.44011078e-02 -3.33725614e-03 -1.73320323e-02 -1.42076320e-03
  5.47117926e-03 -7.56714260e-03 -1.89695992e-02  7.97433127e-03
 -9.71697271e-03 -1.72310974e-02  1.77715858e-03 -9.66051687e-03
 -8.17154162e-03  2.96144141e-03 -1.33055458e-02 -5.70584508e-03
  2.14655208e-03  5.62506216e-03  3.61755537e-03 -1.00171957e-02
  1.30762868e-02 -2.77177151e-03  8.68975371e-03  1.14272982e-02
 -1.19460681e-02  1.23913856e-02 -1.27670420e-02 -9.80891939e-03
 -2.14600712e-02 -6.97793067e-03  1.37596847e-02 -1.37152420e-02
  1.39187286e-02  9.62863583e-03  2.52667652e-03  1.84437763e-02
  1.99652370e-02 -6.96320366e-03  6.34712074e-03 -1.69887277e-03
 -1.22357914e-02 -3.44091631e-03  1.04329064e-02 -1.92565806e-02
 -1.06943212e-02 -6.14377111e-03 -1.11391034e-03 -6.10364461e-03
  1.64552070e-02  7.99773540e-03  2.73523889e-02  1.42282806e-02
  2.16021482e-02  5.28810266e-03 -3.50577780e-03 -6.61648053e-04
  2.12837085e-02 -1.08992411e-02  2.93716658e-02  4.50655865e-03
 -1.75086444e-03  1.31861931e-02  5.43169538e-03 -5.72556909e-03
  5.31929405e-03 -1.03716748e-02  3.34689068e-03 -1.89826805e-02
  1.58336367e-02 -1.16013018e-02  2.19478924e-02 -5.50666265e-03
  4.59805335e-04  1.37715125e-02  8.61884933e-03 -1.16658015e-02
 -9.40248966e-02 -7.50683947e-03  1.03607066e-02 -4.99332976e-03
 -2.08615838e-05 -6.76168315e-03  3.70255834e-03 -7.12037692e-03
 -1.59940198e-02 -1.11262985e-02 -1.45647256e-02  7.39062112e-03
  6.75984309e-04 -8.73501506e-03 -4.31373343e-02 -1.94397159e-02
  1.48789976e-02 -7.41469348e-03  1.36019941e-03  9.04560275e-03
  1.99052393e-02 -9.74872988e-03  9.96595249e-03 -2.97335051e-02
 -6.17360324e-03 -1.74339805e-02  1.03221294e-02  2.09415448e-03
  9.56055615e-03  5.51120611e-03 -5.48207462e-02  1.03143798e-02
  5.53934276e-03 -1.62014123e-02  3.20997313e-02 -3.88669549e-03
 -4.52015735e-03 -1.60046313e-02  1.20651089e-02 -2.19676550e-03
 -1.27998944e-02  6.93821348e-03  3.48419393e-03  2.20217872e-02
  9.19653662e-03 -1.88186616e-02  1.12606520e-02  3.50027555e-03
 -5.50782867e-03  3.88733484e-03  4.42298449e-04 -1.12576049e-03
 -9.69815440e-03  7.29263388e-03  1.19081559e-02  2.50427760e-02
 -2.78007630e-02  1.92423388e-02  3.55262286e-03  1.50397560e-02
  1.07357502e-02 -3.30060138e-03 -1.41330371e-02  7.29817385e-03
  1.11423312e-02  3.13465185e-02  1.50458412e-02  3.21020023e-03
  1.48251588e-02  1.54020812e-03 -1.52068045e-02  1.19176079e-02
  1.63675956e-02  1.62791349e-02  1.04281511e-02 -1.15338489e-02
  8.61226954e-03 -3.17088026e-03  4.43175249e-03  3.86403943e-03
 -6.00191299e-04  1.48439817e-02 -1.19464239e-02 -1.19523844e-02
  1.70881432e-02  1.24831626e-04 -8.37019365e-03  3.97649920e-03
 -8.88689421e-03 -1.35596208e-02 -3.36412853e-03 -7.85482023e-03
 -1.38096111e-02 -6.89179031e-03 -7.23489700e-03 -1.70757677e-02
  1.03730047e-02 -4.46863240e-03  4.45794500e-03 -1.16726775e-02
 -9.22158174e-03  4.44897078e-03 -7.72265159e-03  9.09451116e-03
  6.83613762e-04 -3.04410281e-03  3.61145334e-03  3.12712812e-03
  1.62501782e-02 -6.37610676e-03 -8.54269788e-03 -1.30127370e-03
 -2.90121865e-02 -2.95888283e-03 -2.72138650e-03  3.27685592e-03
  9.42578446e-03  8.14536773e-03  1.03415428e-02  7.12925219e-04
  4.16770839e-04 -3.12301191e-03 -5.61756874e-03  2.51184637e-03
  1.85406543e-02  3.40061076e-02 -8.88946746e-03 -1.93918068e-02
  2.27388870e-02  9.97687876e-03 -2.30117628e-04  5.14762069e-04
  9.28987842e-03 -1.76566150e-02  8.30561016e-03  3.48130940e-03
  2.00346089e-03 -4.34903865e-04  3.25793237e-03 -1.12182517e-02
  1.01626329e-02 -8.27038009e-03  1.53078828e-02 -8.49858392e-03
 -2.60570459e-03  1.32573964e-02 -2.04542950e-02  9.82580520e-03
  2.49648443e-03 -2.98630409e-02 -7.27773039e-03 -5.97842177e-03
  1.52327251e-02  1.08247576e-02  1.94003191e-02 -1.39654730e-03
 -1.43017871e-02 -1.63916145e-02  9.33336653e-03  4.82190773e-03
  1.00258563e-03  5.86348260e-03  2.26702145e-03 -1.50051285e-02
  2.51462664e-02 -7.56121287e-03  2.14690398e-02  3.73375672e-03
  9.09430813e-03  1.42796328e-02  1.48208784e-02 -2.62698717e-02
 -1.11417230e-02  3.41978302e-04 -9.39479843e-03 -9.82607249e-03
  2.20952481e-02 -9.11177509e-03 -2.94362940e-03  4.48408723e-03
  5.71018201e-04 -8.14372022e-03  1.65457409e-02  9.39505361e-03
  1.73070692e-02 -2.29605772e-02 -9.38739046e-04  1.68195479e-02
 -1.54608786e-02 -4.16661380e-03  3.14375423e-02 -1.52525434e-03
  2.56352462e-02 -7.10842060e-03  1.12549653e-02 -1.33793021e-03
 -3.33757661e-02 -1.25541827e-02  1.82569511e-02 -6.08942052e-03
  9.36761778e-03 -2.86103575e-03 -1.79611500e-02 -2.51991544e-02
 -2.18478050e-02 -1.40656705e-03 -1.58834774e-02  1.19479857e-02
  3.79027519e-03  1.76735260e-02  3.26342485e-03  1.69996861e-02
 -1.36420950e-02 -8.58804025e-03  1.10684498e-03 -1.61814988e-02
  5.78302657e-04 -8.77304748e-03  1.39976165e-03  9.84577183e-03
 -1.31234690e-03 -7.29968445e-03 -1.19405109e-02  3.97630315e-03
  2.01832154e-03  9.38453432e-03  6.45214692e-03  2.75706709e-03
  2.05947384e-02 -4.79442813e-03  3.16414721e-02  2.60575849e-04
  1.37797380e-02  1.38378441e-02 -9.05493088e-03 -1.44130206e-02
  1.07156727e-02  1.50745744e-02  2.88425223e-03  5.17717423e-03
  1.79636199e-02 -3.34476994e-04 -8.40943865e-03  1.61083776e-03
 -1.21052852e-02 -1.37849236e-02 -2.59261001e-02 -4.89766747e-02
  1.41882040e-02 -8.52154102e-03  5.76054677e-04 -5.71954437e-03
 -1.19750183e-02  1.79933310e-02  2.49473639e-02  1.04321986e-02
  4.38266667e-03 -2.89808065e-02 -2.66464949e-02  2.01297738e-02
  8.38705599e-02 -9.74335591e-04 -5.32812160e-03  4.17034701e-03
 -2.22858880e-03  9.00147948e-03 -1.41897611e-02 -6.19019475e-03
  1.71763506e-02  3.15617137e-02  2.24744622e-02 -5.54639893e-03
  3.30598131e-02  6.15624711e-03  3.16186517e-04  8.67622532e-03
 -6.34710537e-03  8.91957153e-03 -2.53233942e-03  4.49490314e-03
  1.50456317e-02 -2.17084540e-03 -8.54348205e-03  1.72739048e-02
 -1.14296200e-02  2.18063928e-02  8.08706805e-02 -2.05273405e-02
 -5.34846215e-03 -9.92545765e-03 -3.22930813e-02  8.85784999e-03
  2.73411330e-02  6.71925489e-03  2.31523551e-02  1.93151161e-02
  7.61064584e-04 -1.01374248e-02  3.78704770e-03  8.83967429e-03
  4.87240404e-03  1.27647836e-02  1.03341984e-02 -3.55621544e-03
  1.23599190e-02  4.00411477e-03 -1.76640432e-02  9.74276802e-04
 -1.52945314e-02 -6.99524442e-03 -2.35642735e-02 -3.93213908e-04
 -1.62398461e-02 -9.69598535e-03 -1.61372498e-02 -1.26618184e-02
 -1.95036717e-02  5.81150269e-03  4.39803442e-03  4.70133824e-03
 -6.49835449e-03 -3.10146110e-03 -4.49484866e-03  6.05544820e-03
 -4.38049808e-03 -1.55549664e-02  1.43475281e-02  2.40850225e-02
  1.99186318e-02  1.73750110e-02  1.57790724e-03 -2.71226279e-03
 -3.77001613e-03 -3.50265158e-03  1.44591806e-02  1.19866971e-02
  1.64001377e-03  1.14478897e-02 -6.67790556e-03 -1.03979744e-02
  1.70000419e-02  1.29165901e-02 -2.38407869e-03  2.20780317e-02
 -1.53612439e-02  1.68928765e-02 -3.55269480e-03  2.31534708e-03
 -1.83452759e-02  6.50024740e-03 -6.54491177e-03 -2.21107551e-03
  9.13633592e-03 -4.77937376e-03  1.38728982e-02  1.65246089e-03
 -2.97474349e-03  2.42146151e-03  8.88665300e-03 -2.08231667e-03
 -1.25773037e-02  1.31373657e-02  2.37387214e-02  7.34068174e-03
  8.09164345e-03  1.61433425e-02 -4.65629331e-04 -3.38424928e-02
 -3.69542977e-03 -9.93843377e-03 -3.20025086e-02 -1.39038665e-02
  1.42951019e-03 -6.45545358e-03  4.07709070e-02  4.46200185e-03
 -7.55293854e-03 -4.51036915e-03 -1.26610156e-02  1.05520142e-02
  8.18341691e-03 -1.95390568e-03 -2.26646243e-03 -4.59113438e-03
  9.83966794e-03 -9.37883928e-03 -1.74979982e-03 -7.25651858e-03
  8.78604222e-03  8.12516722e-04  1.68060008e-02 -8.33109580e-03
 -1.12738311e-02  1.57833658e-02 -4.69325064e-03  6.20920211e-03
  1.14265997e-02  1.16496459e-02  1.47689693e-02 -1.37748141e-02
  2.47540232e-03 -5.49573870e-03  2.78238786e-05 -1.66169310e-04
  1.13971364e-02  2.11513657e-02  1.96029488e-02  9.24240012e-05
  6.61583897e-03  3.00955959e-02  5.60714956e-03  7.99554586e-03
 -1.11201508e-02  5.52549353e-03  4.25931718e-03 -6.12300215e-03
 -9.81838815e-03 -1.01560662e-02  2.09419765e-02  1.21543640e-02
  1.73656561e-03  3.50334402e-03 -1.49835483e-03 -1.14406105e-02
 -7.63765929e-05  4.11855569e-03  1.34776987e-03 -2.77518015e-03
  7.65692163e-03 -4.50424908e-04 -8.59333761e-03 -1.63525296e-03
  1.55158928e-02  4.28916625e-04  3.94051848e-03  1.23619186e-02
  2.78230999e-02 -6.50945446e-03  4.47218167e-03  8.80178716e-03
  6.13714475e-03 -1.86505262e-02 -8.20651371e-03 -3.90524650e-03
 -1.24036940e-02  1.49429338e-02  3.52516794e-03  2.81954054e-02
 -2.33195461e-02  4.10500392e-02  9.52479709e-03  8.19879677e-03
  1.15757855e-02 -1.68282967e-02  6.42630458e-03  2.47504562e-02
 -3.69321438e-03 -1.03100734e-02 -5.74394036e-03 -1.57712866e-02
  1.56876650e-02 -1.92143265e-02 -3.18060033e-02  1.41756218e-02
  1.05902841e-02 -2.95316498e-03 -4.30406583e-03 -1.00873578e-02
 -1.04058497e-02 -2.03508083e-02 -1.24774761e-02 -2.28097639e-03
  1.30381517e-03 -5.68833156e-03  2.34994176e-03  7.85791688e-03
 -5.62602328e-03 -2.36693944e-04  6.43798988e-03  3.41373235e-02
  4.98489756e-03  1.73466634e-02  3.40313395e-03 -1.21253943e-02
  1.55200148e-02  2.26891357e-02 -5.91346063e-03 -1.41288131e-03
 -6.47886842e-03  6.46057678e-03  1.10150203e-02  1.12706926e-02
  1.03066128e-03  2.53342688e-02  1.64090991e-02 -2.26779943e-04
 -1.34009803e-02 -6.98986929e-03 -2.13954989e-02  4.51672240e-04
 -3.35745551e-02 -2.35120989e-02 -1.54163106e-04  2.83957133e-03
  2.42623165e-02 -9.68941208e-03  7.48793175e-03  5.22867497e-03
 -2.74866205e-02 -1.45372553e-02 -3.88367218e-03 -1.03608835e-02
  1.23632783e-02  1.72151197e-02 -2.01249518e-03 -6.64821174e-03
  1.38626834e-02  5.80270868e-03 -1.03857857e-03 -8.18708353e-03
  2.27413140e-03  2.28878986e-02  7.89994840e-03  1.09706912e-02
  1.27247637e-02 -9.04064439e-03  2.65401509e-02  1.84216294e-02
  2.97845830e-03 -1.61318574e-02 -2.65760720e-02  1.86714646e-03
  7.35075120e-03 -1.84436031e-02  2.01938860e-02 -2.41702590e-02
  3.77301592e-03 -5.01282141e-03 -7.26521574e-03 -2.34650224e-02
  1.71250291e-02  2.40834896e-02  1.60358269e-02 -2.42954642e-02
  3.40994522e-02 -2.56448425e-02  3.65488641e-02  1.10859536e-02
  7.27778487e-03  1.15219899e-03  1.78460013e-02  5.23458095e-03
 -4.00326448e-03 -4.04445716e-04 -1.26607334e-02  2.91588511e-02
 -4.26193746e-03 -2.25860365e-02  1.63087957e-02  2.10265573e-02
  1.05639035e-03 -2.95408554e-02  2.22943276e-02  1.79235917e-02
  3.93040758e-03  7.07317493e-04  6.40024059e-03 -3.44870100e-03
 -1.81355085e-02  1.54919876e-02 -1.00221881e-03 -1.42547721e-02
  1.18272966e-02 -2.53359936e-02 -1.14920409e-02 -7.88328052e-03
 -5.05229831e-03  2.37096054e-03  7.19647901e-03  1.61045752e-02
 -1.86119750e-02  9.36057069e-04 -6.73532952e-03  5.27290045e-04
  4.25845087e-02  3.24769132e-03  3.49556142e-03  5.96410548e-03
 -5.20456489e-03  2.33294722e-03 -8.53493437e-03  4.31894418e-03
 -1.05971424e-02  1.96454618e-02 -1.64879598e-02 -1.04727997e-02
 -4.41310753e-04  1.12621291e-02 -2.73460634e-02  7.20048416e-03
 -1.14642130e-02 -2.34681740e-03  4.97742835e-03  5.58289327e-03
  6.05489872e-03  9.88094881e-03  3.27469110e-02  4.37632715e-03
 -1.16723692e-02  1.56346783e-02 -1.13349315e-02  1.86575775e-03
  1.43666565e-02  1.75708905e-02 -8.53595044e-03 -2.29401849e-02
  1.29219377e-02  1.11649707e-02  7.01744854e-03 -1.15794921e-02
  1.97714902e-02  9.65063460e-03  1.07082659e-02 -5.81936678e-03
  2.29355581e-02  1.88779943e-02  2.91835913e-03  8.27488489e-03
  8.16347729e-03  7.40048243e-03  7.93602504e-03  5.38123166e-03
 -1.22144283e-03 -1.68922916e-02 -1.33976256e-02  3.08039673e-02
  1.96084902e-02  2.88165472e-02  1.15732765e-02  1.76417641e-02
 -8.31107795e-03  1.28680533e-02 -3.61709739e-03  1.29859140e-02
 -2.09750962e-02 -2.21131518e-02  1.19671915e-02 -4.29263990e-03
 -2.24926751e-02  6.63817255e-03 -4.70038410e-03  1.82719119e-02
  1.49226200e-03 -2.12280522e-03 -1.97796710e-03 -1.56108644e-02
  1.51334116e-02  2.69420934e-03 -6.80777337e-03 -5.13706764e-04
  8.85827187e-03  3.91633064e-03 -2.84766667e-02  2.41620420e-03
  1.01223460e-03 -4.05896734e-03  1.82083361e-02  2.77199782e-03
  4.89671831e-04 -1.87502038e-02  5.38931228e-03 -1.78381931e-02
  1.46906711e-02  9.73495934e-03 -4.51123202e-03  1.57387611e-02
 -2.00313516e-03 -6.12126058e-03 -1.56546831e-02  1.48956496e-02
  1.27978502e-02  5.56479208e-04  1.64650958e-02  7.15836277e-03
  6.36175624e-04 -1.47934176e-03 -2.46195830e-02 -1.52126178e-02
  5.99175207e-02  4.62536729e-04 -2.02336553e-02 -2.87678628e-03
 -7.40402099e-03  1.14566609e-02 -5.85543341e-04  1.87174743e-03
 -3.07369791e-03  3.26211285e-03 -1.75259840e-02 -1.42150782e-02
 -6.38801279e-03  1.48946103e-02  2.06462294e-02  1.07303550e-02
  1.43220760e-02  1.45480782e-02 -3.35826315e-02  8.62752367e-03
  3.65082407e-03  1.94090586e-02  1.55978836e-02 -8.21193866e-03
 -8.96717235e-03  1.05964383e-02 -2.31889468e-02  1.27390902e-02
 -1.54919678e-03 -1.93252731e-02 -7.46472972e-03  1.01859774e-02
  6.85962150e-03 -1.08962879e-02  2.73171905e-03  4.07065498e-03
  4.91912756e-03  2.21180357e-02 -2.27733385e-02 -2.22514458e-02
  1.82269199e-03 -1.42484042e-03  6.75017014e-03 -1.73893999e-02
 -4.99598123e-03  2.20927550e-03 -1.69753423e-03 -3.12781744e-02
 -4.28277254e-03 -1.19725466e-02  8.61574933e-02 -1.36675388e-02
  2.66727284e-02  4.91194846e-03  4.88100620e-03 -1.65721809e-03
 -2.03091670e-02 -2.04483680e-02 -1.63357100e-03 -7.58743985e-03
  9.41817183e-03 -6.97437078e-02  2.56360583e-02  3.14890519e-02
  7.59396353e-04 -7.27566425e-03 -1.63595863e-02  9.52217355e-03
  4.77571273e-03  1.09644411e-02 -5.41105960e-03  5.61751006e-03
  1.80862360e-02 -1.19298343e-02  2.19313800e-02 -1.83649082e-02
 -6.68472005e-03  8.92027188e-03 -8.60833039e-04  2.53236182e-02
  1.21304793e-02 -8.39945022e-03  1.38203492e-02  1.69106585e-04
  3.43327806e-03  2.09915265e-02 -2.95288162e-03  1.61091820e-03
  1.80997178e-02  1.36526290e-03 -2.39960793e-02 -1.48332398e-02
  1.65778324e-02  3.24388072e-02 -1.90975517e-02 -2.94150729e-02
 -2.51826216e-02 -3.01984744e-03  2.48947763e-04 -8.95678590e-04
 -2.03056447e-03 -8.37685820e-03  5.99731365e-03 -1.70637164e-02
 -1.12482654e-02  4.71600285e-03  1.00448700e-02  2.19289623e-02
 -1.17425900e-03  4.83258767e-03 -1.04633961e-02  2.01189555e-02
  1.21659813e-02  7.53001077e-03  4.88718878e-03  1.17824338e-02
  2.35142857e-02 -6.58980478e-03  1.10268183e-02 -5.56298485e-03
 -1.12209674e-02 -4.06078156e-03 -5.33856917e-03 -2.25629006e-02
  7.04887439e-04  8.13744310e-03 -1.13686202e-02 -5.87256020e-03
 -1.56456195e-02  2.47467197e-02  9.98783950e-03  1.02986512e-03
  2.31962390e-02 -1.20362481e-02 -1.65394954e-02 -7.62931583e-03
  1.02318479e-02  1.28390342e-02 -3.60817066e-03  1.32466452e-02
  2.28914525e-02 -1.21226516e-02 -1.65822394e-02 -2.02111080e-02
 -9.83617827e-03 -3.57399285e-02 -4.84679407e-03  2.57979259e-02
  1.95508711e-02  3.18493694e-03 -1.96388573e-03  1.90761555e-02
 -7.76142906e-03  1.15054846e-02  1.11599183e-02  1.18262256e-02
 -6.90212334e-03  3.62059363e-05  2.50938796e-02 -2.05760151e-02
 -2.88544931e-02 -5.16323978e-03  1.02680631e-03  3.94087732e-02
  1.17773749e-02  1.30331749e-02  4.62924829e-03  1.47948945e-02
 -7.14138336e-03  4.05921321e-03  1.53059121e-02 -5.27850958e-03
 -1.80857768e-03  7.10817939e-03  6.05665566e-03  7.56887672e-03
  7.73393176e-03 -2.40440927e-02  1.45512633e-02 -5.38456850e-02
  1.44812912e-02  1.33345863e-02  2.00372748e-03 -1.26079554e-02
  1.16874315e-02 -6.55425061e-03 -8.70749634e-03  5.48680220e-03
  1.99825875e-03 -1.14840027e-02  1.27354693e-02 -7.96935707e-03
  6.96138805e-03 -1.38855409e-02  6.92043174e-03  2.98381946e-03
  1.21604465e-02  1.55880656e-02 -1.33890985e-02  9.66455881e-03
 -1.43145360e-02 -2.49080397e-02 -4.24705679e-03  1.58843794e-03
  2.74236370e-02  6.67198747e-03  3.75459017e-03 -1.43437665e-02
  7.56836124e-03 -1.62762869e-02  9.34912078e-03  1.38685722e-02
 -1.38966588e-03 -5.85702015e-03 -3.93709168e-02 -4.14612144e-02
  1.00067528e-02 -1.10719884e-02  2.93744798e-03 -4.70560743e-03
  8.17055535e-03  1.95534178e-03 -1.39958868e-02 -1.15535650e-02
  5.95627003e-04 -1.01932464e-02 -4.39558411e-03  1.81040820e-02
  9.05119628e-03 -1.53729841e-02 -2.32994766e-03  9.16635804e-03
  1.31024383e-02 -1.29851578e-02 -1.51683064e-03  2.07812563e-02
 -8.43063649e-03  1.20097783e-03  9.89828818e-03  4.18664608e-03
 -1.91836488e-02 -1.35961722e-03 -6.55800523e-03 -4.08378150e-03
  3.60821071e-03 -1.99141223e-02 -7.32933450e-03  1.65395346e-02
  6.24665897e-03  2.95118964e-03  4.55474528e-03 -2.57609542e-02
 -2.12359112e-02 -7.91072380e-03 -2.02181094e-04 -9.20561701e-03
  1.27161890e-02  2.15944042e-03 -2.10325979e-02 -1.19359815e-03
  1.34604881e-02 -7.50491675e-03  1.04830004e-02  2.32569557e-02
 -1.95001904e-02  1.21532651e-02  1.00308247e-02  2.94770231e-03
  1.29672256e-03  6.09872257e-03  8.78509600e-03  1.73703744e-03
  3.79987285e-02  4.67671314e-03 -7.35255308e-04 -1.80549677e-02
 -4.02773404e-03 -1.04344785e-02  3.14036221e-03 -3.36346999e-02
 -8.97155982e-03  1.95283163e-02  9.77433752e-03  1.75327715e-02
  3.06811202e-02 -4.63295216e-03 -1.66912004e-03  1.70377817e-03
  2.46713054e-03  2.44891495e-02  2.11187778e-03  2.95356009e-03
  5.94983716e-03  5.57581848e-03  1.16802389e-02  8.28076061e-03
 -2.29639094e-03  5.93467988e-03 -2.72337673e-03  1.56289642e-03
  1.18976431e-02 -2.41790153e-02  2.57428680e-02 -1.51080061e-02
 -4.63671982e-03  8.67757946e-03  1.06125204e-02  6.01065950e-03
  7.55002815e-03  3.17803491e-03  1.68027319e-02  6.88584102e-03
  4.63522412e-03  1.44633502e-02  8.19334015e-03  1.59364808e-02
 -1.21475263e-02  1.74075924e-02  1.03873303e-02 -8.82116705e-03
 -1.69098992e-02  2.51450725e-02  1.12593193e-02  1.27383415e-02
  4.17060172e-03 -2.93512177e-03 -6.61704282e-04 -1.02217477e-02
  5.94443642e-03  1.10651366e-02  1.47172660e-02 -1.10648721e-02
  1.26858475e-02  1.54551200e-03 -1.21862013e-02  6.94255671e-03
  1.85146718e-03 -7.23118335e-03 -9.67873819e-03 -2.25966540e-03
  1.18339714e-02  3.06753069e-03  9.08968970e-03  3.90615733e-03
 -3.16138216e-03 -4.72896150e-04  3.71556124e-03 -3.84645164e-03
  4.35591815e-03  6.18982911e-02  9.13586840e-03  2.05979571e-02
 -1.52188528e-03  1.40099367e-02  1.27300303e-02  1.18949625e-03
  4.03861236e-03 -2.58096103e-02  1.29942764e-02 -3.81173682e-03
 -9.94032249e-03 -1.88433342e-02  1.56500712e-02 -7.86106754e-03
 -7.37286173e-03  2.08459183e-04  1.27463052e-02 -3.80524574e-03
  1.32480287e-03  1.43701001e-03  2.52327267e-02  8.54686555e-03
  4.93050776e-02  3.10187927e-04 -2.38298383e-02  4.22784686e-03
 -5.52838948e-03  4.12245281e-03  9.59059224e-03 -7.00300746e-03
 -1.12391040e-02 -1.75264198e-02 -1.29930163e-02  2.93132546e-03
 -2.40670163e-02  2.45247240e-04 -7.76035886e-04  8.16720165e-03
 -6.63940562e-03 -4.66963742e-03  5.79728512e-04 -9.93773062e-03
 -4.47924323e-02  8.38563486e-04 -5.29527711e-03  8.83885548e-02
  7.42740417e-03  8.19195807e-03  2.80178734e-03 -1.02544315e-02
 -1.21865934e-02 -2.62877205e-03  2.14589592e-02  6.09743688e-03
 -8.89524672e-05 -1.57895125e-02  5.02306363e-03  1.48559744e-02
 -4.39885631e-03 -2.45634858e-02  2.33360659e-02 -1.15876272e-02
  1.90051422e-02  2.30031908e-02 -7.95065146e-03  7.47138867e-03
 -1.20047806e-02 -6.22272491e-03  1.34191206e-02 -1.86768291e-03
  3.60883819e-03 -2.69209575e-02  2.18649991e-02  7.54359318e-03
  8.24419409e-03 -1.96770183e-03 -8.25257134e-03  2.38912348e-02
  3.86327086e-03  2.25561000e-02  1.65607799e-02  6.23548822e-03
 -1.32046379e-02  8.98999255e-03 -2.53701559e-03 -8.15950800e-03
 -1.49773788e-02 -9.95520875e-03  3.54970656e-02  1.84856006e-03
 -5.67738526e-03  1.14753069e-02  3.79219739e-04  1.98569968e-02
  2.57657404e-04 -1.13963550e-02  9.12918057e-03  4.81074257e-03
  4.67167124e-02  1.88170020e-02  8.81977472e-03  5.97984297e-03
  6.81545911e-03  2.34983005e-02 -2.12426279e-02 -1.63626093e-02
 -9.50629823e-03 -8.02143943e-03 -7.22050527e-03  4.81073558e-03
  1.83118768e-02 -1.33256102e-02 -1.89911444e-02  1.65101029e-02
 -4.08275239e-02  3.08146630e-03  8.92110728e-03 -8.46445374e-03
  6.19955733e-03  1.32403560e-02  2.52597034e-03  6.59072772e-03
 -2.85180025e-02  9.68048233e-04  1.60174984e-02  2.78549641e-02
 -4.70685540e-03  3.67071852e-03 -5.91526274e-03 -2.24652123e-02
  2.74704155e-02 -8.63380358e-03  3.50839633e-04  1.18791061e-02
  3.76641518e-03 -1.48570947e-02 -1.58429109e-02 -1.52286422e-02
 -8.57025385e-03 -1.58174988e-02  2.48876028e-02 -9.25064366e-03
 -1.70374215e-02  3.30798700e-03  9.90804750e-03 -2.59982469e-03
  1.68684404e-02  1.22477561e-02  7.48116337e-03 -3.72167258e-03
  1.21313576e-02 -2.68757762e-03  3.94341489e-03  2.81803180e-02
 -8.77662189e-03  1.28310453e-02  1.49758328e-02  4.11003316e-03
 -3.48725985e-03 -1.84395611e-02  2.40439363e-02 -7.35233864e-03
 -2.27017347e-02 -9.16998368e-03 -9.23517905e-03  1.25049148e-02
 -2.51254048e-02  4.72310139e-03 -1.44352978e-02 -1.21647166e-03
  3.72538790e-02 -1.35240545e-02 -1.17990924e-02  4.71024821e-03
  3.43365362e-03  9.72698908e-03  1.86127350e-02 -2.29637418e-02
 -2.06827763e-02  8.28836206e-03 -8.74638371e-03 -1.94020744e-03
  2.31032586e-03 -2.60722358e-02 -3.60972364e-03 -1.34866508e-02
  4.47004382e-03 -3.63081601e-03 -2.07008217e-02  1.45373226e-03
 -1.50944525e-02 -4.89386264e-03 -2.59637577e-03 -2.03052256e-02
 -2.15299353e-02  6.69204351e-03  8.21496767e-04  1.41189946e-03
  4.56009340e-03  6.98218297e-04  4.81517613e-03 -1.25881296e-03
  1.91435777e-02  3.36129568e-03 -2.88953248e-04  3.82760242e-02
  2.29355022e-02 -1.23493625e-02 -1.49286306e-02  5.13999956e-03
  5.08089364e-03  2.22541597e-02  2.43268255e-02 -7.41046062e-03
  4.95295925e-03 -2.72885896e-03 -9.71444417e-04 -6.40891539e-03
 -6.71208277e-03  8.99437629e-03  2.23557018e-02 -2.24823691e-02
  5.10120392e-03  2.01702351e-03 -5.06538665e-03 -1.44921597e-02
  6.17763074e-03 -5.20872790e-03  2.22266391e-02 -1.65136121e-02
 -1.27964630e-03 -9.03133675e-03 -1.58179663e-02  2.59522069e-03
  1.20844189e-02  4.36935537e-02 -2.45542871e-03 -6.40842598e-04
  5.50994230e-03  4.21734452e-02  1.66222379e-02 -1.50786210e-02
  2.79271249e-02 -1.84530462e-03 -9.21345316e-03  5.38956514e-03
  1.61328120e-03  2.52276249e-02 -1.43275689e-02  1.55265154e-02
 -4.84026130e-03 -1.11158201e-02 -2.05317941e-02 -7.32403342e-03
 -3.26440972e-03  7.96545204e-03  7.42182555e-03 -2.93232426e-02
 -1.22108283e-02 -2.46201567e-02 -5.34922443e-03  1.30149359e-02
 -2.65949289e-03 -4.20643017e-03  1.63625623e-03  3.34390788e-03
  1.00809652e-02 -5.19681675e-03 -4.59162239e-03  2.04523839e-03
  1.60789229e-02  4.15267721e-02 -2.34265951e-03 -4.03443072e-03
 -8.74827150e-03 -1.99001059e-02 -1.29546998e-02  9.30277107e-04
  5.76302549e-03 -6.83925487e-03 -3.32257315e-03 -4.67467494e-03
 -1.13029396e-02  1.50415460e-02 -1.32107595e-02 -1.14625003e-02
 -4.81708720e-03  8.67227849e-04 -1.21232682e-04  5.46081923e-03
 -2.57097813e-03 -7.03661656e-03  2.39457488e-02  1.58305094e-02
  7.22349435e-03  1.06230741e-02 -2.48068222e-03 -1.33325309e-02
  7.69258942e-03 -1.89090203e-02 -3.49657587e-03  9.30971073e-05
 -1.04424171e-02 -2.99804602e-02 -1.36568099e-02  4.14151372e-03
 -4.03227139e-04  9.09411628e-03 -8.46719369e-03 -7.63722183e-03
  1.51538488e-03 -6.50333762e-02 -8.06225871e-04  4.00615949e-03
 -8.23069457e-03 -9.90323946e-02  1.98421744e-03  8.31982773e-03
  7.14835757e-03 -1.53893111e-02 -4.91775712e-03 -6.28986489e-03
  2.22479720e-02  1.92567874e-02  7.29784183e-03  6.30572764e-03
  4.02962230e-03  1.86002683e-02 -1.83011498e-02 -1.08389826e-02
 -9.04159807e-03  1.36836311e-02  2.69804746e-02  1.44033721e-02
  1.08459992e-02 -4.09842189e-03 -3.51986773e-02 -6.56953198e-04
  6.86784135e-03  3.96074262e-03 -7.14820065e-03  2.32402165e-03
  2.22336799e-02 -2.96470406e-03  8.66724271e-03 -1.65579841e-02
 -1.63659696e-02  2.85505480e-03 -9.66636371e-03 -7.96036236e-03
 -2.18003076e-02  1.60480529e-04  1.00757675e-02 -4.35382919e-03
 -8.97265133e-03  3.39310383e-03 -3.54191358e-03 -2.32587140e-02
 -1.06444843e-02 -7.37905968e-04  7.74289621e-03 -5.24599850e-03
  1.27018960e-02 -1.54879820e-02 -2.92900507e-03 -5.11785410e-03
 -3.16267945e-02  1.16638076e-02 -4.70608677e-04  2.72554960e-02
  3.78287435e-02 -1.90635212e-03 -5.92462206e-03  6.11240137e-03
  1.19537832e-02 -9.33160819e-03 -2.10343464e-03 -2.95801554e-03
 -1.95013341e-02  1.45621579e-02 -1.57069322e-02  6.22220663e-03
 -1.86910499e-02  3.33813514e-04 -2.09313855e-02  1.14805589e-04
  3.11026204e-04  5.38734859e-03  1.56273786e-02  1.77446809e-02
  6.79194508e-03 -4.25016601e-03  1.45483268e-02 -6.46854239e-03
  2.22154590e-03  1.13847069e-04 -1.11133653e-04 -7.43464567e-03
 -1.58502790e-03  5.08976588e-03 -2.06963066e-02  1.06668686e-02
  5.67011349e-03  1.88760422e-02  7.50971551e-04 -1.70943737e-02
 -3.68166761e-03 -1.89489853e-02 -4.12718114e-03 -1.16818557e-02
  1.32797705e-03 -6.01645326e-03 -1.21965101e-02 -6.09621452e-03
  1.47008253e-02 -5.73396869e-03  1.16236731e-02  7.95924012e-03
  1.31375045e-02 -1.89322550e-02  3.24660889e-03 -1.67652871e-02
  2.36702133e-02 -1.27425063e-02  1.54698389e-02 -2.52645034e-02
 -3.06414198e-02  7.40001397e-03 -1.28482031e-02  1.80498842e-04
 -1.23200044e-02  8.52282345e-03  9.18412022e-03 -7.85936695e-03
 -9.36887600e-03  9.73268785e-03 -2.01662397e-03 -1.86490696e-02
 -4.59281821e-03 -2.67264410e-03  1.50638763e-02 -5.00797015e-03
 -5.21747768e-03 -1.48651330e-02  1.27177788e-02 -3.38017708e-03
  9.58423782e-03  4.97674756e-03  4.62495722e-03  1.69030838e-02
  8.31022114e-03  2.55487822e-02  6.42409781e-03  2.88147107e-03
 -8.66614096e-03 -2.99899420e-03  1.34613961e-02 -9.44214966e-03
 -1.17925992e-02 -1.47748098e-03 -3.16152051e-02  1.22495391e-03
 -5.54678089e-04  1.15623018e-02 -7.64832320e-03  3.08443815e-03
 -8.66850652e-03 -4.01646364e-03  8.81905574e-03  3.69087048e-03
  1.43839391e-02  9.22523346e-03  1.22109149e-02 -1.29714925e-02
 -8.24545324e-03 -7.61184143e-03  2.74274056e-03 -2.70638242e-02
 -1.80763546e-02  1.31788924e-02  2.66273431e-02 -5.22482349e-03
  8.25766381e-03 -3.75450123e-03  1.45338112e-02 -1.45629803e-02
  9.96206608e-03  2.41840794e-03  1.83554075e-04  1.44425947e-02
  5.85560629e-04  1.24412961e-02 -1.06036197e-02 -1.60897374e-02
 -3.53151113e-02  1.38819534e-02  1.26084946e-02 -1.47329131e-03
  2.51516607e-03  1.73649844e-03 -1.03496118e-02 -8.10538325e-03
 -6.43295795e-03 -1.67054106e-02  5.12040104e-04 -2.14807751e-05
  6.23623654e-03 -8.71353969e-03 -1.09255640e-02  1.67904422e-02
  5.65497018e-02  1.11721195e-02  7.58480420e-03 -9.01178736e-03
 -2.41371617e-02 -3.38144484e-04 -8.91125761e-03  4.43506017e-02
 -5.29345777e-03 -5.38193015e-03  4.15731315e-03 -8.62271059e-03
  1.42867211e-04  1.11233145e-02  1.44559694e-02 -1.07593276e-02
  5.79591200e-04 -7.60392938e-03 -8.22928827e-03  8.38045683e-03
 -6.53631007e-03 -1.04243997e-02 -2.14345902e-02 -3.27769085e-03
 -8.85660388e-03  5.23608504e-03 -6.48145052e-03 -9.24661476e-03
  1.36101190e-02 -1.69615485e-02 -2.41449758e-04  4.17620204e-02
  1.13548301e-02  2.52077095e-02 -1.00972326e-02 -1.33896829e-03
 -1.89732164e-02  4.96689789e-03 -1.19451303e-02 -2.48320568e-02
 -6.06587715e-03  7.50442152e-04 -1.45777405e-04  3.68323140e-02
  8.25597811e-03  1.71257313e-02 -5.21152467e-03  1.38931433e-02
  1.88605301e-02  4.73791850e-04 -2.88996566e-03 -9.86980181e-03
 -1.01722609e-02  1.30062159e-02  1.11182593e-02 -2.61482154e-03
 -4.03856533e-03 -5.36611369e-05 -1.92883506e-03 -8.40822002e-04
 -8.35407246e-03 -9.25081223e-03 -3.06285080e-02 -1.15045533e-02
 -1.56147480e-02  4.46899794e-03 -4.35636658e-03  2.53583360e-02
  7.70689128e-03  7.10909255e-03 -7.21063977e-03  2.32882872e-02
 -7.93255214e-03 -8.05603713e-03 -1.29035162e-02  8.69554991e-04
 -2.66241230e-04 -8.02839175e-03  3.51347914e-03  3.06130503e-03
  6.07234566e-03 -7.52679631e-03 -3.73809063e-03 -9.27665830e-03
  1.55649176e-02  2.11657733e-02 -4.94289352e-03 -6.31934404e-03
  6.30602520e-03  2.54045031e-03  1.99305955e-02 -1.14200125e-02
  1.77401789e-02 -3.88821699e-02  7.05189351e-03  2.27097538e-03
 -3.39277764e-03  1.28956232e-03  3.22604924e-02 -2.29992513e-02
 -1.99331231e-02  3.80763062e-03  2.27344036e-02  1.69862602e-02
  6.08084520e-05 -2.92944303e-03  2.03903932e-02 -3.74951772e-03
 -2.95535312e-04  1.51888169e-02 -2.60281935e-02  6.92640478e-03
 -7.60567468e-03 -1.33014359e-02  1.51218120e-02  5.81993780e-04
  2.14097984e-02  1.29411155e-02  5.36760362e-03 -3.84420296e-03
 -1.17834331e-03 -2.05954686e-02  5.86913945e-03  3.89059121e-03
 -2.31315289e-02 -4.32231463e-02 -5.13447411e-02  1.22885527e-02
 -1.75436412e-03  2.28521042e-03  1.25747416e-02  4.73211665e-04
  7.03530153e-03 -7.40141317e-04  1.28424738e-03  1.34973787e-02
  1.76011585e-02  2.41068713e-02 -1.27340434e-02  4.94278502e-03
 -3.64516005e-02 -2.91091744e-02  1.52002238e-02 -1.08560799e-02
  5.00298245e-03 -9.65245490e-05  5.70371328e-03 -1.36147002e-02
  1.82769913e-03 -1.29471142e-02  3.37276943e-02 -1.31662739e-02
 -9.49451979e-03 -8.56517639e-04 -1.52555043e-02 -1.93489287e-02
  1.87772978e-02  1.59027223e-02 -1.16673773e-02 -4.32256982e-03
 -8.11859779e-03  3.80758545e-04 -1.95732620e-02 -1.16427196e-03
 -1.69973187e-02 -1.84678826e-02  5.15748048e-04 -5.75744500e-03
 -3.81921208e-03 -2.99477088e-03  5.91639522e-03  3.62167135e-03
 -4.54324251e-03  4.67904005e-03 -1.83152650e-02 -1.76401921e-02
  1.95256248e-02 -7.11547863e-03  1.60552142e-03 -6.09668205e-03
 -1.96567848e-02  1.88324321e-02 -6.76892931e-03 -6.14512712e-02
  1.73957553e-02 -1.14891902e-02 -5.15594333e-03 -2.73818150e-03
  2.35642353e-03 -1.02704088e-03 -2.53579533e-03  3.21726338e-03
 -4.62210178e-03  1.90396383e-02  3.64378560e-03  2.49449303e-03
  1.38041386e-02 -2.12072581e-02 -1.81819610e-02 -1.62104536e-02
 -1.08784589e-03  9.36151203e-03  5.71382185e-03 -1.17586926e-02
 -1.73649732e-02  3.65307145e-02  1.69613548e-02  5.22187853e-04
  5.30489907e-03 -2.58734133e-02 -5.04422293e-04  5.94230508e-03
 -3.12372632e-02  1.17389942e-02 -8.77024431e-05 -2.85057202e-02
  6.44854130e-03  4.36530681e-03 -6.01796992e-03  3.31308879e-02
 -6.68848492e-03  2.56407278e-04 -1.90478459e-03 -1.48552619e-02
 -3.61012779e-02  2.34733010e-03  9.81946476e-03  2.70715123e-03
 -3.60983424e-03  5.56959829e-04  4.36463580e-03  1.18834721e-02
  1.77969690e-02 -1.23891393e-02 -2.13642395e-03 -1.42372753e-02
 -2.18528006e-02 -2.06922572e-02  1.95166990e-02  7.55781308e-03
 -8.68163723e-03  9.18163545e-03  8.08429345e-03 -2.58878479e-03
  2.97691394e-02  2.68188156e-02  1.34054315e-03  1.65484138e-02
 -1.19338576e-02 -1.26357526e-02  3.07373283e-03  7.14178197e-03
  5.22604305e-03 -4.54825163e-03 -9.42818413e-04 -4.16291063e-04
  1.33831343e-02 -6.81316573e-03 -1.44834199e-03  8.98154732e-03
  8.10673926e-03 -2.19044387e-02 -4.76992875e-03 -1.99247617e-02
 -1.18606156e-02 -5.44078322e-03 -6.88651204e-03  1.28149297e-02
 -1.53079079e-02 -2.19194889e-02  9.71154310e-03  1.49099634e-03
  2.18500961e-02 -8.22595600e-03 -1.62511673e-02  4.18275315e-03
  1.67002250e-02 -8.81705806e-03  2.02788599e-02 -7.03662075e-03
  6.11837395e-03 -2.86105997e-03  9.55263991e-03 -2.71436083e-03
 -7.05578458e-03  6.44975062e-03  1.61147546e-02 -1.87061131e-02
 -1.95624167e-03 -3.42949689e-03  4.52706851e-02 -3.52839530e-02
  5.11076674e-02  5.71356015e-03 -6.58505457e-03 -1.84260868e-02
  8.68469477e-03 -1.67781264e-02  1.33091891e-02 -1.00900428e-02
 -6.41857274e-03  5.98561019e-03  2.14797463e-02  3.34282755e-03
  4.34155110e-03  1.26958992e-02 -3.24817151e-02 -7.86832534e-03
  1.21437910e-03  3.24611575e-03  7.40224682e-03 -1.08779613e-02
 -3.05569894e-03 -1.09694293e-02  8.50433018e-03  3.74841876e-03
 -1.17901843e-02  4.87837419e-02  1.05539989e-03 -7.46505894e-03
 -9.48742405e-03  6.06364105e-03 -6.58766320e-03  5.04864706e-03
 -1.15392059e-02  7.96204899e-03  1.00434786e-02 -2.20559835e-02
  2.80390885e-02 -7.78511446e-03  1.00571252e-02 -2.70282850e-04
  1.37493582e-02 -1.18237846e-02 -4.59777052e-03  9.83549282e-03
 -2.89127463e-03  2.66634971e-02  1.87156368e-02 -4.68574185e-03
  5.19665377e-03 -1.63220596e-02 -1.93555577e-04  1.42584192e-02
 -3.13363248e-03  4.38673655e-03 -4.76482417e-03 -2.34688297e-02
  1.59309991e-02 -3.97075266e-02 -2.21650000e-03 -1.29103335e-02
  9.07764025e-03 -3.23666073e-03 -1.56775359e-02  7.04604294e-03
 -1.66317206e-02 -2.47868965e-03 -1.80778801e-02 -2.25781393e-03
  9.19517409e-03  1.47591894e-02 -5.58050862e-03  1.10480632e-03
  4.82532708e-03 -9.58714914e-03  9.64777358e-03  5.20228921e-03
  1.60288103e-02 -1.52655505e-03 -2.76720384e-03 -4.81557008e-03
  1.22345937e-02 -1.33398622e-02  1.77856274e-02  9.48413461e-03
  2.49230657e-02 -1.59267914e-02  5.90615496e-02 -1.32030966e-02
  5.92274219e-03  8.71314853e-03 -6.44391309e-03 -9.25091188e-03
  1.55873876e-02 -2.24564085e-03  5.14450809e-03 -8.87515116e-03
 -1.44647583e-02 -2.51032296e-04 -1.41980266e-02  5.19216945e-03
 -2.60043684e-02 -1.42656108e-02  1.17396070e-02  1.50358956e-02
  2.03619115e-02  3.16186575e-03 -1.12113804e-02 -1.80603936e-02
 -2.86440575e-03 -1.74287037e-04 -2.16315482e-02  1.82465569e-03
  3.04269397e-05  2.49655358e-03 -1.71013605e-02  1.69603713e-02
  3.02844960e-02 -2.74710846e-03 -2.11110190e-02  1.51248323e-03
 -2.57860068e-02 -2.17089592e-03  4.03273571e-03  1.99230434e-03
 -5.15007833e-03  2.91759474e-03 -6.99299714e-03 -1.02450922e-02
  1.78916585e-02  3.25647416e-03 -4.00406402e-03  6.15961943e-03
 -9.58493445e-03 -2.82984152e-02  3.85305248e-02 -1.73213296e-02
 -5.36351909e-05  1.57397930e-02 -9.17062536e-03 -2.94756191e-03
 -1.20979371e-02 -6.44261576e-03  5.83179353e-04 -6.06898591e-03
 -1.56546421e-02  1.12605533e-02  4.18489566e-03 -2.63582896e-02
  1.55758741e-03 -1.67377833e-02 -1.60206649e-02  1.31050195e-03
  2.96759550e-02 -9.27638169e-03 -2.66715116e-03 -8.99533369e-03
 -3.13726196e-04  1.34717999e-02  6.20273966e-03 -2.05244645e-02
  1.25935972e-02 -1.19276363e-02 -1.42995575e-02  7.65738601e-04
  1.26002729e-02  6.89339451e-03  9.03395843e-03 -1.56704374e-02
  9.88788344e-03 -2.95182969e-02  1.44584319e-02 -4.53126570e-03
  1.75670758e-02 -1.22906422e-04 -5.48315607e-03  1.98379066e-03
 -9.36711114e-03  1.96645297e-02  9.73777007e-03  1.46656344e-02
 -4.78566438e-03 -2.65119374e-02 -5.82697662e-03 -1.54192336e-02
 -1.55632496e-02 -8.57436936e-03 -1.11361649e-02 -4.63199476e-03
  3.55257606e-03  6.64434489e-03 -9.06154700e-03 -6.95138844e-03
  7.04386644e-03 -2.26653814e-02 -8.53803847e-03 -1.83710251e-02
  2.04774011e-02  1.46084074e-02 -6.69207145e-03  9.78916138e-03
  2.73951236e-03  1.25438813e-02 -1.59129743e-02  2.80742627e-02
 -1.64598674e-02  2.94060097e-03 -1.04388585e-02  4.56695072e-03
 -4.52614343e-03 -4.13730089e-03  9.17079160e-05 -2.11581253e-02
  1.16694393e-02 -5.02063718e-04 -7.28981150e-03  1.64067056e-02
 -2.04343833e-02  1.51639653e-03  3.45175527e-03  1.47239016e-02
  2.55722702e-02  1.69847312e-03  8.36667698e-03 -1.51563447e-03
 -4.42687934e-03 -1.73862744e-02  6.57858746e-03 -1.65859964e-02
 -1.61745306e-02  8.49124696e-03  1.45947980e-02 -9.85716376e-03
  3.87192215e-03 -3.28329019e-03 -4.49513551e-03  4.65247175e-03
 -1.09932190e-02 -1.31280045e-03 -2.13785712e-02 -1.31994197e-02
 -2.55010370e-02  9.01996065e-03 -4.98680538e-03  3.05162743e-03
 -1.69685092e-02 -4.69780900e-03  1.08391698e-02 -9.47018340e-03
 -1.69556700e-02 -1.15565313e-02 -1.01279086e-02 -1.11523289e-02
  8.28141812e-03  2.14386545e-02  1.18932975e-02 -8.24771170e-03
 -4.25985642e-03 -4.28882018e-02 -1.52141992e-02  1.67496782e-02
  1.46437399e-02  5.92915388e-03 -3.38757149e-04  3.04176509e-02
  2.12244131e-02  9.00554284e-03  1.51614984e-02  1.42313363e-02
 -2.49613430e-02 -1.76830236e-02 -2.27474757e-02  2.23894808e-02
 -1.28877368e-02  5.02430415e-03  2.34957132e-02 -1.70922391e-02
  1.92775521e-02 -1.62760876e-02 -4.77731153e-02 -1.11042466e-02
  2.19556689e-02 -1.29304193e-02 -2.18937988e-04 -1.32279545e-02
  3.36882123e-03  8.54983181e-03 -2.80709402e-03  2.82845390e-03
 -1.45069687e-02  7.06523098e-03 -7.92486244e-04  3.67172286e-02
  1.23931130e-03  5.92464674e-03  8.76616966e-03 -4.64385236e-03
  1.63117740e-02 -6.12561172e-03  1.80031045e-03 -1.43946251e-02
 -1.01201385e-02  1.12325111e-02 -6.01391541e-03 -6.04075240e-03
  3.38096879e-02 -1.19107962e-02 -2.00639013e-02 -1.42197162e-02
 -2.96827010e-03 -2.01983973e-02 -2.82057300e-02 -5.81178395e-03
  1.23339184e-02 -2.59854994e-03  1.89752299e-02 -5.29048126e-03
  1.20517770e-02 -1.44362068e-02  3.74033093e-03  2.42808592e-02
  2.62637418e-02  1.18332123e-02 -7.13036116e-03  4.22562426e-03
 -9.94366501e-03 -6.76617865e-03 -1.98933505e-03  9.84545890e-03
  3.09889158e-03  7.88138434e-03  3.01545975e-03  2.06742948e-03
  2.96066497e-02 -4.95900773e-03 -3.39313201e-03 -5.32541331e-03
  8.50495044e-03 -1.93610240e-03 -1.39331678e-02 -2.07527820e-03
 -1.23208028e-03  4.82014235e-04 -7.27451127e-03  1.78988161e-03
  1.31241782e-02 -8.17649718e-03 -8.47146753e-03  1.08340271e-02
  1.64053869e-02  5.29576093e-04  1.09236501e-02  9.36737936e-03
  5.13252243e-03 -1.78241153e-05  2.70297308e-03 -4.44770232e-03
  1.49319982e-04  1.58588844e-03  5.92880603e-03 -8.93733278e-03
  6.35182718e-03  1.60367123e-03  1.18039893e-02 -5.67979820e-04
 -1.84020456e-02 -1.70588382e-02  6.16043434e-03 -4.49024653e-03
 -2.54368177e-03  6.23385562e-03  5.72185451e-03  1.00239413e-02
 -4.40791110e-03 -1.32227046e-02  1.33550129e-04 -3.35788587e-03
 -6.61650347e-03 -2.54921452e-03  1.47316977e-02 -1.11720795e-02
  8.07769224e-03  1.01731950e-02 -8.50764941e-03  1.48754781e-02
 -7.31823267e-03  1.51901860e-02 -8.37363303e-03 -8.33236706e-03
  4.79223393e-03 -2.24050274e-03  6.27289480e-03 -1.23022301e-02
  6.67886809e-02  1.87618677e-02  9.02516302e-03 -3.48643080e-04
 -1.53316613e-02 -6.15829555e-03 -7.21681491e-03  6.24675211e-03
 -5.51797962e-03 -2.51805573e-03 -3.63739720e-03  1.03402538e-02
 -4.67836345e-03 -8.48260615e-03 -1.45542389e-02  3.44491564e-03
  3.17608751e-02 -5.20682614e-03  1.66300940e-03 -7.09568663e-03
  2.75837793e-03  5.59252361e-03 -4.17705299e-03 -4.55273839e-04
 -5.96466009e-03 -6.86836056e-03  1.42766507e-02 -1.23161431e-02
  1.67272531e-03 -1.09466314e-02 -1.62501466e-02 -1.97775811e-02
 -1.56738888e-03  1.35516375e-03 -1.20102288e-02  1.85967272e-03
  2.81973812e-03  3.99426557e-03  1.51207419e-02  3.15788537e-02
  8.62352736e-03 -7.36446027e-03  1.38322879e-02 -5.56841772e-03
 -6.84286584e-04  1.75269227e-02 -1.30920112e-02 -1.46186827e-02
  6.32851559e-04  7.53456261e-03  2.59352755e-02  5.27825626e-03
  1.08287269e-02 -2.25966312e-02 -1.06254341e-02 -2.89767026e-03
 -9.46097355e-03 -1.63612869e-02 -4.93985415e-03 -5.76055329e-03
  3.04950448e-03  7.63839949e-03  5.71404537e-03  2.65934281e-02
 -1.22874873e-02  1.65159795e-02  5.66294976e-03 -8.46321229e-03
 -1.37120849e-02 -5.77043090e-03 -5.89087047e-03  2.78106891e-02
 -6.20406307e-03  2.47968128e-03 -1.29312677e-02 -2.46730142e-05
  1.69147514e-02  1.43306376e-03 -1.29334796e-02  1.28693646e-02
 -1.35703525e-02  3.11204069e-03  6.77505741e-03  1.11731077e-02
  7.49307917e-03 -1.07552921e-02 -3.76616395e-03 -4.45044460e-03
 -9.60275065e-05  5.93479397e-03  2.53311712e-02  1.69873424e-03
 -1.59750078e-02 -3.65924537e-02  4.24295813e-02  1.39100512e-03
  7.09761167e-04  2.04359014e-02  5.26851858e-04  1.23460144e-02
 -1.33791855e-02  1.20014958e-02  7.40652904e-03 -2.48070657e-02
  2.03259271e-02  1.03342556e-03 -2.03287955e-02  8.46181437e-03
  5.53883566e-03  1.71331484e-02  2.34337780e-03 -1.49586238e-02
  1.29027199e-03 -3.75207211e-03  8.11116770e-03  1.13411585e-03
  3.37337865e-03  5.04061999e-03 -1.80677092e-03 -3.97285353e-03
 -1.96520127e-02 -4.57601203e-03 -2.50456184e-02 -2.07901020e-02
 -1.63974322e-03  4.57056277e-02 -1.48837059e-03 -3.75251770e-02
  1.58520937e-02 -5.07319765e-03  2.25607734e-02 -1.12335226e-02
  3.39948870e-02  1.46706151e-02  1.90939452e-03  3.53351934e-03
 -3.94820981e-03  1.42947165e-02  3.71897686e-03 -2.86544836e-03
 -1.15956590e-02  1.79469194e-02 -1.13409115e-02  2.56560929e-03
 -3.58379073e-02 -1.49153657e-02  3.22371582e-03  5.15407044e-03
 -3.99058452e-03  1.58833377e-02  6.36036461e-03 -2.31629834e-04
  1.93939079e-02  1.33039355e-02  1.48799166e-03  5.90128340e-02
 -1.72067676e-02 -8.40073265e-03  4.61906977e-02  1.36742247e-02
 -3.37556330e-03 -4.67507925e-04  6.23049401e-03  5.29920170e-03
  2.29412299e-02 -1.80414543e-02  1.36455912e-02  8.49615876e-03
 -1.99439959e-03  1.62974671e-02  1.63716860e-02  2.21775733e-02
 -2.49634907e-02  1.36637734e-02  1.13947019e-02 -1.33915870e-02
 -3.78557760e-03  5.24150534e-03  6.22786442e-03 -1.35404896e-03
  2.24064873e-03 -1.08945947e-02  1.08895581e-02 -3.41336392e-02
  1.03572654e-02  4.99750301e-03  2.46668071e-03 -1.24079436e-02
 -1.74430218e-02 -1.45559339e-03 -2.02957215e-03 -1.24952802e-02
 -1.33822951e-02 -1.28116393e-02 -1.63976159e-02 -2.96734106e-02
  4.27197712e-03  3.01749911e-02 -1.41990595e-02  1.28226457e-02
  4.79238015e-03  6.81877183e-03  4.58752940e-04 -1.15389482e-03
  1.33944070e-02 -5.45317016e-04 -4.19202680e-03 -5.06241689e-04
 -6.58800732e-03 -7.47749466e-04 -2.80172168e-03 -3.96857597e-03
 -1.65951140e-02 -8.24630633e-03  7.32648140e-03 -7.44160870e-03
  1.14812152e-02 -2.14620115e-04  4.27945610e-03 -3.20938788e-03
 -9.74477455e-03 -2.72553321e-03 -1.65266469e-02 -7.78148742e-03
 -2.31585428e-02 -1.58020901e-03  2.88545829e-03  2.38280743e-03
 -9.79915913e-03  2.98629142e-03  5.76343946e-03 -3.73790064e-03
  7.78495846e-03 -5.03180549e-03  1.61850639e-02  1.16424030e-02
  9.19491239e-03 -4.68791369e-03  3.81931639e-03 -7.51547283e-03
  1.75688043e-02 -1.22650433e-02 -5.13764971e-04  8.88530444e-03
 -1.72119197e-02  2.76394864e-03 -7.95991998e-03 -8.16430722e-04
 -6.26004487e-03 -1.45515641e-02 -3.22100776e-03  2.07364429e-02
  2.37248768e-03  2.04088027e-03 -2.22643325e-03 -2.08350569e-02
  2.46495493e-02  1.20651815e-02  2.01092456e-02 -7.84799457e-03
  1.88493319e-02  2.48364881e-02  2.22148933e-02  1.00219557e-02
 -1.01483311e-03  3.71685508e-03 -1.45583414e-02  1.21344058e-02
  3.17677557e-02  9.78281070e-03  4.05559549e-03 -5.99378301e-03
 -1.39736477e-03  9.23073012e-03 -3.48990480e-03  1.16064667e-03
  4.62336699e-03  2.27613002e-02  1.28680598e-02 -1.37628280e-02
  1.00832526e-02  1.95130100e-03 -1.33344496e-03 -6.16255356e-03
  3.23012914e-03  6.76830718e-03 -4.78526298e-03 -4.60804813e-03
  3.62259941e-03  1.82183422e-02 -1.59711074e-02  1.76837679e-03
 -2.71923449e-02 -1.65461209e-02 -1.39024630e-02 -1.60597190e-02
  1.11790840e-02 -1.08101023e-02  7.72393309e-03 -1.26926135e-02
  1.55547343e-03  7.53691013e-04  2.60959323e-02  1.26066217e-02
 -6.34380896e-03 -8.61623976e-03 -6.44457480e-03  8.66921991e-03
 -2.09015552e-02  9.97915026e-03  3.00553394e-04  1.33022498e-02
 -6.59690022e-06 -2.34683510e-03 -5.62599907e-03  1.78171173e-02
  1.05927875e-02 -3.20930779e-03  8.90406594e-03  3.89631512e-03
  4.95399861e-03  5.93549106e-03 -9.69484635e-03  2.97877565e-02
  1.00945057e-02 -6.70761988e-03  2.06239875e-02 -3.92806856e-03
  1.03469016e-02 -1.01159839e-03  4.19462612e-03 -1.48765836e-02
  1.82325151e-02 -1.97361372e-02  1.36886276e-02  1.89906154e-02
  1.52737405e-02  1.33006098e-02  1.13622500e-02 -1.18114594e-02
 -5.84531063e-03 -1.62945110e-02  4.12225584e-03 -2.42644418e-02
  4.85463860e-03  1.59755107e-02  5.46110934e-03 -1.06965024e-02
 -1.60230864e-02  9.76691768e-03  1.43142967e-02 -2.56166095e-03
  1.80796464e-03 -1.67671368e-02  3.61377629e-03 -1.08948415e-02
 -1.68353152e-02 -1.72898881e-02 -1.91915091e-02 -1.88205149e-02
  2.88263371e-04 -8.26327130e-03 -1.75192039e-02 -1.40394364e-02
 -7.64342782e-04  8.34066363e-04  4.01408076e-02 -2.96962783e-02
  4.22741432e-05 -1.36910528e-02 -2.29869559e-02  7.36628252e-04
  1.26071256e-02 -9.47610009e-03  1.59974489e-02 -5.56857549e-02
  5.59290918e-03  1.30825015e-02 -8.80614389e-03 -3.13561433e-03
 -2.02630237e-02  1.08625442e-02  7.79446540e-03  1.02517009e-02
  1.34419305e-02 -2.48527271e-04 -1.75012890e-02  5.98516874e-03
  1.75965112e-02  2.01554243e-02 -1.69363916e-02 -2.18654815e-02
 -1.54753905e-02 -7.73398392e-03  2.69645359e-03 -6.30371366e-03
 -1.08582061e-02 -8.13718233e-03 -2.06050221e-02  5.66479424e-03
 -1.80419337e-03  3.23905679e-03 -7.04413000e-03  2.36285720e-02
  4.61588707e-03  9.19927564e-03 -4.89010429e-03  1.87264825e-03
  4.27799346e-03  3.54593340e-03 -1.65731274e-03 -1.22357542e-02
 -3.53807001e-03  1.16261737e-02 -1.46655506e-03 -6.96938345e-03
  1.67139876e-03 -2.35736445e-02 -3.00432602e-03  5.48550999e-03
 -3.50074586e-03 -2.07918007e-02 -7.46180629e-03 -8.01121350e-03
  2.19842629e-03 -1.01903575e-02  2.30142232e-02  1.22322747e-02
 -5.31999022e-03  8.02913122e-03  1.80371311e-02  6.19501527e-03
 -9.12070647e-03 -2.62324959e-02 -2.31780224e-02 -6.62524393e-03
 -5.28937094e-02 -1.33820786e-03  1.69229247e-02  7.24760909e-03
 -8.90421122e-03  7.71411415e-03 -2.97125671e-02 -1.36775309e-02
  1.09715192e-02 -3.23461108e-02  2.05434375e-02 -3.79039091e-03
  3.11444560e-03 -4.19991557e-03  1.19024488e-04 -8.98782723e-03
  1.85094938e-01 -2.90428195e-02  2.59790514e-02  3.88917001e-03
 -1.18084708e-02  1.63751449e-02  5.78065682e-03  9.31912288e-03
 -2.19069552e-02 -7.76555296e-03  1.08025651e-02 -1.24804815e-02
 -1.13309016e-02 -5.21147484e-03 -1.55322812e-02 -3.11495853e-04
 -4.36518155e-03  7.52149429e-03 -3.92108522e-02 -1.33522758e-02
  8.13524984e-03  1.86993424e-02  1.11463526e-03 -5.90951415e-03
 -9.31535475e-03  2.64933379e-03  1.89768456e-04 -6.90320926e-03
  1.94188878e-02  9.34910309e-03  1.40294824e-02 -2.06748433e-02
  1.17717357e-02  1.71754491e-02 -4.22819238e-03 -2.14043017e-02
  2.25882768e-03 -2.98598688e-03 -1.25773977e-02 -6.81574224e-03
 -2.56821904e-02 -4.34552087e-03 -5.63599533e-05  2.28133295e-02
 -1.56912096e-02  5.22100308e-04  4.81746276e-04 -4.14150627e-03
 -4.84358706e-03  4.20859968e-03 -8.68768431e-03  5.46787214e-03
  3.86916660e-02  7.12640584e-03 -1.35735795e-02 -5.84008405e-03
 -1.59329884e-02  1.14204986e-02 -8.62334855e-03 -5.96617872e-04
  6.01370214e-03  5.22878580e-03 -7.30367552e-04 -2.58533703e-03
 -1.78214144e-02 -1.82807986e-02  1.22351367e-02 -2.95476615e-02
 -1.34508172e-02 -1.38720227e-02  3.08113056e-03 -4.42128722e-03
  7.31636491e-03  2.48989696e-03 -3.14494525e-03 -7.23646162e-03
 -4.91363322e-03  3.63699510e-03 -9.28001851e-03  1.19434725e-02
 -9.27193929e-03  3.65108773e-02  6.01609377e-03  1.51892230e-02
  1.42985051e-02 -2.77472544e-03  2.06740815e-02 -3.05436226e-03
 -1.35238776e-02 -1.70916300e-02  7.43357325e-03 -6.32788427e-03
 -1.23415757e-02 -5.24337357e-03  6.73661530e-02  6.18633740e-02
  1.91328526e-02  7.78527558e-02  1.61285438e-02  9.39415488e-03
  2.84351148e-02 -1.40561536e-02 -1.84431742e-03 -7.32949609e-03
 -1.51316477e-02  1.54687176e-02 -1.61607447e-03 -1.15662692e-02
  1.49178654e-02  8.86452105e-03  9.79518797e-03  2.58328747e-02
 -1.26261776e-02  7.93917198e-03 -1.00899162e-02 -1.06953774e-02
 -1.60130356e-02  7.19804130e-03  1.02758780e-02  1.24014402e-02
  6.33054459e-03  8.44110735e-03  2.99919005e-02  1.40237261e-03
 -2.86721103e-02 -1.95012579e-03 -9.94174369e-03 -1.28522040e-02
  2.79687643e-02  1.43825561e-02 -2.13280227e-02 -6.52798824e-03
  9.11415927e-03 -1.79365668e-02  2.04406865e-02  7.88683537e-03
 -1.93695701e-03  1.20328814e-02 -6.82821544e-03  4.36548982e-03
  2.33879387e-02 -2.41534412e-03 -5.78476908e-03 -1.49146402e-02
 -8.33358243e-03 -1.54674379e-02 -3.92698075e-06 -1.29820099e-02
 -1.43786510e-02 -1.29719870e-03 -4.07001702e-03  2.99533084e-03
  2.35143621e-02 -2.05659997e-02 -6.63858326e-03 -5.96354948e-03
  2.86322576e-03  2.33465340e-02  1.08464975e-02 -1.88717917e-02
 -4.36855620e-03 -1.61862175e-03 -9.16097220e-03  6.84321043e-04
  6.93551870e-03 -6.22712588e-03  1.78783704e-02 -1.30073186e-02
 -2.11603194e-02 -2.08178777e-02 -1.61495768e-02  2.62893289e-02
  1.14910165e-02 -8.39688256e-03  1.28212140e-03 -1.51167787e-03
 -2.14636512e-02  1.48858167e-02 -4.51058848e-03  8.79453868e-03
 -1.09874895e-02 -2.37155054e-02 -7.84452353e-03 -1.16073582e-02
 -5.71073219e-03 -1.19927069e-02  1.02925682e-02 -1.45599106e-02
 -2.38521919e-02  1.29398787e-02  1.23264929e-02 -4.25178446e-02
  9.86419339e-03  1.47710303e-02  1.18862819e-02 -1.79194212e-02
 -1.39526688e-02  1.05952444e-02  3.06899310e-03 -1.11083069e-03
  6.76737074e-03  8.76626279e-03  1.69768967e-02 -2.37708148e-02
 -1.41514754e-02 -1.69809666e-02 -2.96377717e-03 -2.46903617e-02
  2.45488225e-03  6.57339441e-03  3.80834565e-03 -7.10729393e-04
 -1.84200276e-02  4.71395208e-03 -1.01668416e-02  1.25702182e-02
 -5.41938934e-03 -4.05302038e-03  4.76245629e-03 -1.02488641e-02
  3.51182907e-03 -1.62613532e-03 -8.64131656e-03 -1.56587851e-03
  1.14491663e-03 -2.33872700e-02 -1.01348907e-02 -9.10137966e-03
  9.68916900e-03 -1.68696698e-02 -3.09007615e-03  1.65653962e-03
 -1.46473348e-02  1.35604581e-02  9.03384574e-03 -4.79389541e-03
 -2.01409049e-02 -4.25910112e-03 -6.11833436e-03 -4.18531243e-03
  1.22142509e-02  5.47653250e-03  3.55491647e-03  1.73831247e-02
 -1.22403295e-03 -1.33096399e-02  1.68812238e-02  3.03172448e-04
  1.00694899e-03  1.84329934e-02  1.05403401e-02 -2.73714727e-03
 -8.08258913e-03 -1.78053249e-02 -4.31941450e-03 -3.37380506e-02
 -1.14267375e-02  2.03152802e-02  8.96553975e-03 -2.74530984e-03
  3.27650947e-03  9.94711649e-03 -1.28852632e-02  1.69069320e-02
 -9.45757492e-04 -4.03810143e-02  1.52408313e-02  8.44428502e-03
 -1.19116433e-01 -2.82730684e-02 -1.79944560e-02 -7.34328385e-03
  2.25817505e-02  1.53885596e-02 -6.32790802e-03 -3.32540646e-02
 -1.15158502e-02 -5.92936389e-03  3.39009357e-03 -1.48274936e-03
 -1.96917877e-02 -2.26804521e-02 -4.71659889e-03 -1.09051811e-02
 -1.02290167e-02  6.28588675e-03 -9.10557248e-03 -1.59662217e-02
  1.64248813e-02  1.70579199e-02  1.22393677e-02 -1.97861698e-02
  1.82150658e-02  1.93408895e-02 -4.92972601e-03 -2.32662447e-03
 -2.68911384e-02 -1.21603347e-02 -1.15929805e-02  2.76569109e-02
 -1.08201979e-02  1.70468092e-02  9.91443451e-03  2.55117239e-03
 -5.03841415e-03  1.36108808e-02  8.52906331e-03  1.54381627e-02
  3.28420522e-03 -7.32558686e-03  3.17303054e-02 -1.42140742e-02
 -7.93582585e-04  1.41662434e-02 -1.08177203e-03 -4.06765845e-03
  1.63039938e-02 -8.53270199e-03  5.94185991e-03  8.66304617e-03
 -6.82814000e-03 -3.62001592e-03 -1.06370397e-01 -1.14461062e-02
 -2.12643165e-02 -2.95314053e-03  1.70964822e-02 -1.81417726e-02
  1.29141109e-02  4.82836319e-03  8.92499927e-03  4.24451604e-02
  7.78315170e-03 -1.10060181e-02 -1.92179845e-03  1.65480357e-02
 -2.26138203e-04  2.02528983e-02 -2.77483817e-02 -2.08809227e-02
  1.47897303e-02 -2.84792129e-02 -5.36895823e-03 -5.81808563e-04
  1.33757526e-02 -2.05667298e-02 -7.87362736e-03  1.09227200e-03
  2.92700622e-03 -4.95689281e-04 -1.54984491e-02 -1.78364106e-02
 -4.82531125e-03 -4.63059964e-03  8.92151520e-03 -1.57918106e-03
  5.18532051e-03  5.27068786e-03 -8.96817166e-03 -5.98059548e-03
  1.89232863e-02 -1.07999956e-02  3.45087051e-03 -5.57681732e-03
 -6.53403625e-03 -4.87668253e-03 -5.22667216e-03 -1.34981656e-02
 -6.50094636e-03  2.45935027e-03 -1.36918975e-02  3.44519503e-03
  8.61450657e-03 -1.10016661e-02 -3.84538341e-03  2.86373845e-03
  1.52636981e-02 -1.84188560e-02 -2.08111182e-02 -7.41365477e-02
 -8.26129224e-03 -5.46958856e-03  7.87894148e-03  5.26541146e-03
  1.72272623e-02 -1.18564256e-02 -6.57936325e-04 -6.28152955e-03
  2.73763482e-03 -3.30236107e-02 -1.05412370e-02 -4.07206407e-03
  4.80393646e-03 -9.24994331e-03  1.04621165e-02 -8.73293355e-03
 -3.77711328e-03  2.00376026e-02 -3.29292403e-03  2.01839525e-02
 -6.92850328e-04 -5.95811149e-03 -1.13628507e-02  7.98371155e-03
  1.46537283e-02  1.50483167e-02  4.61067865e-03 -4.55434015e-03
  1.10310700e-03 -8.22636206e-03  2.20405031e-02  2.31419317e-03
 -9.16073192e-03 -2.14659385e-02 -3.33647593e-03 -6.77624904e-03
  1.00762649e-02 -1.36562940e-02  2.03801524e-02 -7.84524163e-05
 -1.40151533e-03  1.23849968e-04 -1.04686748e-02 -2.65854541e-02
 -1.72006320e-02 -4.45313612e-03  3.97038646e-03  1.50864056e-04
  1.68429743e-02 -1.75581109e-02 -2.42976379e-02 -1.28819263e-02
 -1.11763552e-02 -1.41421854e-02 -1.46112926e-02  2.38953810e-03
 -2.51064356e-02 -2.86619668e-03  3.77213670e-04  4.08937084e-03
 -9.17860016e-04 -1.34789916e-02  2.72871368e-03  9.44736821e-04
 -1.16901158e-03 -4.32885485e-03  1.70605257e-02 -3.82762286e-03
  2.93378662e-02  6.13046158e-03 -2.51007779e-03 -6.71241898e-03
  1.03874365e-02  1.66024454e-02  2.41474807e-02 -1.89969537e-03
  6.04215451e-03 -5.65411011e-03 -6.62219757e-03  1.48703679e-02
  1.56553257e-02  2.47768871e-03 -9.29410849e-03 -9.80340876e-03
 -1.18075404e-02  2.57346053e-02  2.29684217e-03 -2.97571924e-02
 -1.83123872e-02 -4.72758384e-03 -1.64223388e-02  1.86991110e-03
  2.02803314e-02  6.82442915e-03  2.33527478e-02  5.61828120e-03
  5.26054064e-03 -1.58254104e-03  1.33570200e-02 -1.17820399e-02
 -3.54990549e-02  2.43226308e-02  7.69917062e-03 -1.43089481e-02
 -1.68704912e-02  9.09733120e-03 -1.41832167e-02  1.69472974e-02
 -1.64981373e-02  1.10745309e-02  2.19030352e-03  2.14675069e-02
 -7.81793986e-03  3.50939040e-03  2.49522701e-02 -6.09545037e-03
  6.73656585e-03 -2.97651673e-03  9.32431687e-03 -2.26352643e-02
  3.25218625e-02 -1.61701185e-03 -5.87560609e-03  1.69141293e-02
 -3.02606774e-03  9.97622125e-03 -4.83633876e-02 -6.06980175e-03
 -2.61717523e-03  4.59865481e-03 -1.00539224e-02 -6.25144644e-03
 -2.41500977e-02  3.02984323e-02  1.09428065e-02  1.86029095e-02
  3.10821272e-03 -4.12532361e-03  5.07077342e-03 -9.71657317e-03
 -1.08761955e-02  1.46303102e-02 -2.10120175e-02  1.41236149e-02
 -8.13607778e-03 -5.87422214e-02  1.01687443e-02 -1.36377290e-02
  4.19337414e-02 -1.10364603e-02 -1.64005645e-02 -1.24816755e-02
 -1.14513589e-02  2.61171977e-03  2.17356473e-01  1.97085855e-03
  1.06806979e-02 -1.21906120e-02 -7.11145811e-04  3.27654625e-03
  2.59306226e-02 -4.78843795e-05  1.27923703e-02 -1.73648819e-02
  2.21677311e-02  1.32290209e-02 -1.14301527e-02  8.96952488e-03
 -9.86522157e-03 -7.72949914e-03 -4.82030632e-03  1.57048907e-02
 -3.61633711e-02  5.08313300e-03 -1.20846275e-02 -3.19511601e-05
  6.71473827e-05  1.15210051e-03 -1.05678597e-02  3.09435790e-03
 -2.76442990e-03  1.60142910e-02  8.68927594e-03 -1.28223756e-02
  6.99374266e-03  3.55216232e-03 -6.68730307e-03  3.88572196e-04
 -8.08161683e-03 -1.50343012e-02  3.87664023e-03 -1.67018396e-03
  1.05816927e-02  1.32436985e-02  1.36584677e-02 -7.95548968e-03
 -1.21031329e-02  2.26367135e-02 -2.01069061e-02  2.81279590e-02
 -1.13751460e-02  1.53274806e-02  2.60596070e-02 -1.71293095e-02
  2.76857009e-03  5.17313881e-03 -5.42356679e-03  6.71422202e-03
  2.73540933e-02  2.44286726e-03  1.37849161e-02  1.88557524e-02
 -5.85084599e-05  7.83878099e-03 -3.69302882e-03  1.65766403e-02
  1.26276482e-02  8.09455942e-03  3.29697505e-02  6.01226883e-03
  4.31154948e-03 -9.35192002e-05 -1.71091687e-03 -4.47946228e-03
  1.05232904e-02 -3.90963303e-03 -5.16792666e-03 -2.79418868e-03
  1.12223821e-02  4.22045887e-02 -8.77143908e-03  7.41320662e-03
  3.41762826e-02 -8.66714225e-04  1.44852204e-02 -1.07273301e-02
 -3.41833010e-02 -8.85257777e-03  6.97465148e-03  2.53598914e-02
  2.16854081e-04  1.93407398e-03 -4.15137596e-03 -1.80444159e-02
  1.06276749e-02  9.77655035e-03  4.65153344e-03 -5.21127880e-03
  2.72337720e-03 -1.04600447e-04 -5.77463023e-03 -3.78375268e-03
  3.78203508e-03 -1.21645420e-03  3.52299213e-03  1.04024252e-02
  2.45114770e-02  2.43179803e-03 -2.46936502e-03 -8.93352367e-03
  2.63211560e-02 -2.02879542e-03  1.78354681e-02 -8.53349548e-03
 -6.46825135e-03 -1.50210308e-02  1.40979243e-02  6.46605995e-03
 -1.29738953e-02  1.67015742e-03 -1.52653437e-02  2.42840452e-03
 -1.52422879e-02 -1.55253280e-02 -8.50818586e-03  5.48150158e-03
  5.75737702e-03  2.58402880e-02 -7.68999849e-03  1.65805183e-02
 -2.16214843e-02 -2.49065906e-02 -6.15678634e-03  2.28774194e-02
  1.26969181e-02 -2.12881155e-02 -3.29645467e-03 -1.46374833e-02
  4.80329804e-03 -2.92258197e-03  5.59955928e-03  1.83528494e-02
 -6.63521746e-03 -8.01769644e-03  2.30955556e-02 -5.56623191e-03
 -2.20196438e-03 -1.66947450e-02 -1.89322531e-02 -1.73254870e-02
 -5.23372553e-04  1.78248696e-02 -7.63400737e-03 -2.92645092e-03
  2.92751566e-02 -1.62184406e-02 -1.53949093e-02  4.16285452e-03
  9.98109858e-03 -2.79723760e-03 -8.58049188e-03 -1.02859484e-02
 -2.05584355e-02 -3.15318489e-03 -7.90152419e-03  4.19803429e-03
  6.97459094e-03  1.15728602e-02 -1.23743527e-02 -6.82074670e-03
 -5.41351212e-04  1.00673747e-03  2.09313463e-02  2.18741465e-02
 -8.53085145e-03  1.65396091e-02  1.54848006e-02  3.83683667e-03
 -8.46427400e-03  2.01756204e-03  9.78952087e-03  5.78755885e-03
  8.39674752e-03 -8.24587699e-03 -1.84902288e-02  1.98630225e-02
 -1.97522976e-02  2.29297150e-02  1.48910144e-02  1.19432034e-02
  6.44613802e-03 -4.72830888e-03  7.72023946e-03  2.54461598e-02
 -2.39004362e-02 -6.51569217e-02  5.59307449e-03  1.20049668e-02
  2.70331930e-02  5.10215666e-03 -8.48923344e-03 -1.34921377e-03
  2.01898348e-02  1.32895783e-02 -3.27155134e-03  9.74702556e-03
 -2.22256407e-03 -8.57947860e-03 -1.28042186e-02 -8.73107091e-03
  9.97390877e-03  9.03282315e-03  7.34013878e-03  1.25333713e-02
 -6.02534134e-03  2.09090393e-03 -3.16214957e-03 -2.69984687e-03
  1.34147145e-02 -9.38232336e-03 -4.13814839e-03  5.82434097e-03
  1.23788174e-02  8.15076847e-03  1.17826019e-03 -3.39834392e-03
 -2.32561417e-02 -3.01035820e-03 -1.07430492e-03 -5.04088681e-03
  1.76449157e-02 -6.93792803e-03  1.47784213e-02 -1.48880752e-02
 -1.02682151e-02 -1.22055935e-03 -9.15811118e-03 -6.10064541e-04
  1.52987121e-02  1.55471666e-02  5.29429130e-03 -7.17711076e-03
  1.96486004e-02  4.73570632e-04 -2.25443225e-02  8.49688331e-06
 -3.13408324e-03 -1.34451482e-02  1.00117014e-03 -1.55133782e-02
  8.87059886e-03 -3.10908188e-03  3.47715453e-03 -1.42276855e-02
 -7.18481932e-03  1.37526998e-02  3.06281075e-03 -3.04451725e-03
  1.08829122e-02  3.57607007e-03  1.67880417e-03 -1.25692766e-02
  9.77464369e-04  6.76558353e-03  3.87450866e-03 -2.41254643e-03
  5.43277338e-03 -2.53451057e-02 -5.68708451e-03  6.02582050e-03
 -4.43568360e-03  4.38453704e-02 -4.44375537e-03 -5.13151521e-03
 -1.48490071e-02 -1.87848613e-03 -1.66330650e-03  1.02280537e-02
 -5.29923989e-03 -1.72480308e-02 -2.04775985e-02 -1.84688009e-02
  1.69450194e-02  1.01720793e-02 -6.21288063e-06  5.71778044e-03
  4.14073048e-03 -2.16923766e-02  3.15729855e-03 -1.56746956e-03
  1.61126703e-02  2.01257784e-02 -7.32595753e-03 -2.23725481e-04
  2.01177374e-02 -5.81157533e-03 -9.24895576e-04 -1.42087340e-02
 -1.19195310e-02  2.63692979e-02  1.01311365e-02  6.88792067e-03
  1.62934344e-02  5.24157565e-03  1.03712268e-03  1.53454370e-04
 -1.44269476e-02 -3.05982884e-02 -7.19157467e-03 -6.45425462e-04
 -1.52461817e-02  1.04793105e-02  1.73980743e-02 -2.12851372e-02
 -3.48353921e-03 -6.07922673e-03  8.54611211e-03 -3.87629233e-02
 -1.30347256e-02  3.05533735e-03  2.22740113e-03  3.00576985e-02
  9.38015990e-03 -8.28083511e-03 -7.51267711e-04  1.57265645e-02
  2.89863423e-02  5.43099688e-03 -3.94367166e-02 -1.16706770e-02
 -5.76809654e-03  8.26535560e-03 -1.29435398e-02 -3.24607245e-03
 -1.89239662e-02  3.59079591e-03  1.08369626e-02 -5.29432204e-03
  1.75566562e-02 -9.54716839e-03 -3.74218565e-03  2.05011778e-02
  1.20423976e-02 -1.46686099e-03  1.21143525e-02  1.29422965e-03
 -2.13063061e-02 -1.02709206e-02 -1.51765170e-02  1.06461056e-01
  1.57041792e-02 -1.23384437e-02  5.77957183e-03 -1.21341133e-03
 -1.53872697e-02  4.53614909e-03  1.63707547e-02  2.03428417e-02
 -1.50319804e-02 -7.75441248e-03 -6.55499706e-03 -5.27026877e-03
  8.78548343e-03  1.67666376e-02  2.09658369e-02 -1.97834894e-03
  2.33296771e-02 -6.52563013e-03  1.07087838e-02 -1.68816224e-02
 -1.38698891e-02 -5.47181955e-03  2.60561705e-02 -1.66311450e-02
 -6.86881505e-03  2.25631590e-03 -2.34371573e-02 -3.53399315e-03
  5.07261045e-03  3.54869268e-03  4.80576511e-03 -1.37681328e-02
  1.76490396e-02 -3.89031251e-03 -7.94502534e-03  1.83658488e-02
  1.12402262e-02  4.01679799e-03  1.62228812e-02  1.16304662e-02
  5.73265133e-03  2.31658891e-02 -5.79307787e-03  1.78539902e-02
  2.39851722e-03  9.57030935e-08  5.58214029e-04 -1.35825167e-03
 -6.66687777e-03 -1.09409522e-02  1.41877877e-02 -2.27208808e-03
 -1.70814723e-03  8.50499957e-04 -9.85930953e-03 -8.13143235e-03
 -9.56643000e-03  9.97892022e-03 -3.77076073e-03  9.45229840e-04
 -1.17911892e-02  8.26203451e-03 -2.53709289e-03  9.95585322e-03
  5.72228944e-03 -5.89272417e-02 -5.67113841e-03  2.10791025e-02
 -6.62175706e-03  8.92629009e-03  9.98805556e-03 -4.35382640e-03
  1.00844428e-02 -2.16620527e-02 -2.63178591e-02 -5.67328790e-03
 -1.25400227e-04  8.33075726e-04 -1.97947933e-03  8.97704717e-03
  3.00558731e-02  1.15007199e-02 -6.33622613e-03  4.30101342e-03
 -3.14957299e-03  7.69124320e-03  1.05557581e-02 -7.90707488e-03
 -1.61214843e-02  9.86581319e-04  6.45480677e-03  1.62581243e-02
 -1.14216860e-02 -9.11190361e-03 -1.28351077e-02  1.68342032e-02
 -1.48203585e-03  5.88212721e-03 -1.27011295e-02  4.62967390e-03
  5.86131634e-03  2.00594328e-02 -6.33614464e-03 -6.43473165e-03
 -1.27874017e-02 -7.74746016e-03 -1.22164725e-03  1.60266832e-02
 -8.98537971e-03  6.13817992e-03 -9.50145815e-03 -7.32703740e-03
 -1.04719577e-02 -2.43177419e-04 -2.06496846e-03  1.34692546e-02
  6.88759750e-03  9.36890021e-03  1.81627572e-02  1.35652600e-02
  2.06445269e-02  3.45768919e-03  5.59566589e-03  1.36595881e-02
  1.11993328e-02  1.67955458e-02 -5.01476834e-03  1.11592691e-02
  1.81052834e-02  3.30432132e-03  1.44530751e-03  2.44290158e-02
  1.05831027e-02  1.85120720e-02 -1.39869209e-02 -3.52325058e-03
  9.44110332e-04 -9.03230719e-03 -2.70281937e-02  5.00521483e-03
 -8.88992660e-03  9.54636838e-04  9.10502300e-03  6.89464808e-03
 -1.04337661e-02  3.34177469e-03 -1.48230223e-02  4.45186300e-03
  2.76851766e-02 -1.01889791e-02 -1.59903970e-02 -4.52448940e-03
  2.52677989e-03 -7.11175986e-03 -1.21393264e-03 -4.37545683e-03
  2.35443916e-02  1.33801317e-02  9.39160772e-03  1.93904643e-03
 -1.00721801e-02 -8.97264201e-03  8.26683268e-03  3.11556645e-03
 -5.95969334e-03  1.11168316e-02  3.76778841e-03 -8.24194867e-03
 -1.34103484e-02 -1.81450043e-02  2.26116665e-02 -2.50994302e-02
  4.23587533e-03 -9.55190416e-03  8.88559967e-03 -2.03296239e-03
 -6.72271801e-03 -1.19880605e-02 -3.55694420e-03 -8.62109754e-03
 -6.56053424e-04 -1.05643440e-02 -1.09654060e-02  1.51590053e-02
 -1.57387275e-02  1.28327152e-02  1.14291850e-02  1.17376130e-02
  1.30999868e-03  1.30601376e-02  2.46798946e-03  9.12279729e-03
  2.44898000e-03  3.43990885e-03 -9.27614328e-03  2.13645883e-02
  1.17428098e-02 -2.19168011e-04  1.44440122e-02  4.84086806e-03
  5.12987468e-03  1.50655173e-02 -1.02065923e-02  1.36344964e-02
  1.86190885e-02  1.33643281e-02 -2.80444752e-02  2.55402853e-03
 -4.54634102e-03  3.48477764e-03 -1.20285887e-03 -4.85846074e-03
 -7.61982193e-03  2.41780910e-03  4.59960941e-03  8.61427002e-03
  2.16940232e-02  6.27104240e-03  7.97916111e-03 -4.51886840e-03
  1.69749558e-02 -5.20678656e-03  1.09125127e-03  6.95718743e-04
 -1.31145380e-02  4.87624016e-03  5.75064681e-03 -2.14351079e-04
 -1.73114927e-03 -1.48299923e-02 -1.34985959e-02  2.49017682e-03
  1.46196049e-03  3.70508283e-02 -3.23631032e-03 -7.83553943e-02
 -1.45551600e-02  2.83220387e-03 -1.03072803e-02 -1.26029458e-02]